S10-B09-B2-LVL01,  -40859.650966,  71853.680504,  1628.493585
S10-B09-B2-LVL03,  -40208.254958,  72196.779593,  1628.494977
S10-B09-B2-C02,  -40394.007194,  72103.007079,  1628.499678
S10-B09-B2-C01,  -40690.747902,  71946.534710,  1628.514866
S10-B09-B2-LVL02,  -40407.005991,  71770.447972,  1628.466806
S17-B04-QUAD01-C01,  82338.471142,  286.953128,  1628.488125
S17-B04-QUAD01-C02,  82626.234606,  298.245596,  1628.468641
S17-B04-QUAD01-C03,  82630.998214,  175.445878,  1628.479411
S17-B04-QUAD01-C04,  82343.232496,  164.277215,  1628.471519
S17-B04-QUAD02-C01-LONG,  82371.369012,  -553.007528,  1628.475178
S17-B04-QUAD02-C02-LONG,  82659.141190,  -541.753227,  1628.469937
S17-B04-QUAD02-C03-LONG,  82663.926369,  -664.432495,  1628.491254
S17-B04-QUAD02-C04-LONG,  82376.144734,  -675.645540,  1628.459288
S17-B05-B2-C01,  82627.030048,  -1815.626784,  1628.497174
S17-B05-B2-C02,  82628.179915,  -2150.801938,  1628.522644
S17-B05-B2-LVL01,  82622.481420,  -1603.362949,  1628.474318
S17-B05-B2-LVL03,  82626.002449,  -2312.594293,  1628.509695
S17-B05-B2-LVL02,  82339.396573,  -1967.697293,  1628.475633
S02-B02-QUAD01-C04,  3841.696991,  -82093.962400,  1628.468534
S02-B02-QUAD01-C01,  3903.502002,  -82088.583954,  1628.477023
S02-B02-QUAD01-C02,  3928.534727,  -82375.467521,  1628.470020
S02-B02-QUAD01-C03,  3866.729197,  -82380.834131,  1628.477852
S02-B02-QUAD02-C02-LONG,  3307.009236,  -82429.852680,  1628.469562
S02-B02-QUAD02-C03-LONG,  3082.454814,  -82449.439763,  1628.502772
S02-B02-QUAD02-C01-LONG,  3281.420671,  -82143.024634,  1628.490255
S02-B02-QUAD02-C04-LONG,  3056.998292,  -82162.606549,  1628.480440
S02-B03-QUAD01-C01,  2445.226413,  -82216.169476,  1628.482077
S02-B03-QUAD01-C02,  2470.337813,  -82503.036541,  1628.480853
S02-B03-QUAD01-C03,  2408.473228,  -82508.438464,  1628.487164
S02-B03-QUAD01-C04,  2383.398086,  -82221.571321,  1628.474141
S02-B03-B1-C02-LONG,  1639.911400,  -82493.433736,  1628.496017
S02-B03-B1-C01-LONG,  1715.227553,  -82488.645838,  1628.479660
S02-B09-B2-LVL02,  -9497.823213,  -81813.866415,  1628.475769
S02-B09-B2-LVL03,  -9934.846949,  -82037.478937,  1628.515268
S02-B09-B2-LVL01,  -9140.003916,  -82152.091572,  1628.492749
S02-B09-B2-C01,  -9369.571269,  -82123.412349,  1628.510146
S02-B09-B2-C02,  -9701.667571,  -82075.582434,  1628.507990
S02-B10-QUAD01-C01-LONG,  -10795.542937,  -81668.522053,  1628.504202
S02-B10-QUAD01-C02-LONG,  -10846.720137,  -81951.914175,  1628.479561
S02-B10-QUAD01-C03-LONG,  -10967.459411,  -81930.081835,  1628.483750
S02-B10-QUAD01-C04-LONG,  -10916.266448,  -81646.697280,  1628.481364
S02-B10-QUAD02-C01,  -11622.295080,  -81519.111180,  1628.488418
S02-B10-QUAD02-C02,  -11673.432545,  -81802.523531,  1628.469514
S02-B10-QUAD02-C03,  -11794.356092,  -81780.648246,  1628.491077
S02-B10-QUAD02-C04,  -11743.180628,  -81497.264398,  1628.490976
S02-B11-B1-C02-LONG,  -13178.331668,  -81446.577026,  1628.531255
S02-B11-B1-C01-LONG,  -13105.018085,  -81461.662271,  1628.522454
S02-B11-QUAD01-C02,  -13867.684369,  -81370.333596,  1628.501846
S02-B11-QUAD01-C03,  -13928.156939,  -81356.342191,  1628.511062
S02-B11-QUAD01-C01,  -13802.982421,  -81089.734194,  1628.489714
S02-B11-QUAD01-C04,  -13863.333267,  -81075.782133,  1628.476480
S02-B07-BC-C01,  -5326.847769,  -82259.674911,  1751.484865
S02-B07-BC-C04,  -6173.283988,  -82200.515711,  1751.506731
S02-B07-BC-C02,  -5348.933814,  -82574.910070,  1751.512274
S02-B07-BC-C03,  -6195.360848,  -82515.724475,  1751.508485
S02-B08-QUAD01-C01-LONG,  -7128.724086,  -82157.628903,  1628.487225
S02-B08-QUAD01-C04-LONG,  -7250.935583,  -82144.412724,  1628.504939
S02-B08-QUAD01-C03-LONG,  -7281.798278,  -82430.738815,  1628.482528
S02-B08-QUAD01-C02-LONG,  -7159.723638,  -82443.922001,  1628.476763
S02-B08-QUAD02-C01,  -7964.511777,  -82067.581630,  1628.485512
S02-B08-QUAD02-C04,  -8086.827683,  -82054.365748,  1628.481504
S02-B08-QUAD02-C02,  -7995.378755,  -82353.897638,  1628.486107
S02-B08-QUAD02-C03,  -8117.575587,  -82340.696105,  1628.505234
S03-B01-QUAD01-C01-LONG,  -14462.503577,  -80937.467351,  1628.508617
S03-B01-QUAD01-C02-LONG,  -14526.806334,  -81218.169445,  1628.480356
S03-B01-QUAD01-C03-LONG,  -14746.336711,  -81167.474028,  1628.494446
S03-B01-QUAD01-C04-LONG,  -14681.912838,  -80886.824013,  1628.503590
S03-B01-QUAD02-C01,  -15230.044366,  -80760.288356,  1628.506035
S03-B01-QUAD02-C02,  -15294.821894,  -81040.852889,  1628.476792
S03-B01-QUAD02-C03,  -15355.320951,  -81026.863720,  1628.481092
S03-B01-QUAD02-C04,  -15290.510153,  -80746.310359,  1628.494926
S06-B02-QUAD02-C04-LONG,  -77196.532580,  -28297.286746,  1628.482951
S06-B02-QUAD02-C01-LONG,  -77108.525921,  -28504.702225,  1628.478220
S06-B02-QUAD02-C02-LONG,  -77373.639995,  -28617.088369,  1628.490100
S06-B02-QUAD02-C03-LONG,  -77461.628025,  -28409.705570,  1628.508386
S06-B02-QUAD01-C04,  -76888.836607,  -29022.251549,  1628.479153
S06-B02-QUAD01-C01,  -76864.610723,  -29079.271016,  1628.486512
S06-B02-QUAD01-C02,  -77129.642606,  -29191.867031,  1628.474130
S06-B02-QUAD01-C03,  -77153.871814,  -29134.813062,  1628.488414
S06-B03-B1-C02-LONG,  -77948.622351,  -27051.305200,  1628.500023
S06-B03-B1-C01-LONG,  -77920.805644,  -27121.551883,  1628.506372
S06-B03-QUAD01-C02,  -77701.579952,  -27844.462086,  1628.507429
S06-B03-QUAD01-C03,  -77725.799846,  -27787.354050,  1628.515455
S06-B03-QUAD01-C04,  -77460.742928,  -27674.868348,  1628.481578
S06-B03-QUAD01-C01,  -77436.517828,  -27731.944872,  1628.483766
S06-B07-BC-C02,  -80186.302867,  -20429.930705,  1751.500053
S06-B07-BC-C01,  -79879.700715,  -20353.529890,  1751.505156
S06-B07-BC-C04,  -80085.002359,  -19530.236232,  1751.498615
S06-B07-BC-C03,  -80391.618342,  -19606.636756,  1751.502024
S06-B08-QUAD01-C01-LONG,  -80339.387517,  -18608.382297,  1628.471938
S06-B08-QUAD01-C04-LONG,  -80364.642826,  -18487.980959,  1628.462827
S06-B08-QUAD01-C03-LONG,  -80646.482195,  -18547.085146,  1628.500365
S06-B08-QUAD01-C02-LONG,  -80621.242483,  -18667.483824,  1628.458811
S06-B08-QUAD02-C01,  -80512.181110,  -17785.044303,  1628.462000
S06-B08-QUAD02-C04,  -80537.422669,  -17664.664130,  1628.457352
S06-B08-QUAD02-C03,  -80819.255596,  -17723.853979,  1628.498784
S06-B08-QUAD02-C02,  -80794.034663,  -17844.119576,  1628.471822
S06-B09-B2-C02,  -81056.515913,  -16135.705571,  1628.494058
S06-B09-B2-C01,  -80999.347551,  -16466.718716,  1628.513096
S06-B09-B2-LVL03,  -81093.339576,  -15895.694206,  1628.484616
S06-B09-B2-LVL01,  -80956.163477,  -16691.539478,  1628.503742
S06-B09-B2-LVL02,  -80744.090106,  -16252.305758,  1628.512818
S06-B11-QUAD01-C01,  -81386.253440,  -11930.864244,  1628.462215
S06-B11-QUAD01-C02,  -81673.131640,  -11955.971420,  1628.480258
S06-B11-QUAD01-C03,  -81678.523177,  -11894.196288,  1628.473363
S06-B11-QUAD01-C04,  -81391.648714,  -11869.094818,  1628.454139
S06-B11-B1-C01-LONG,  -81524.120505,  -12709.649125,  1628.594709
S06-B11-B1-C02-LONG,  -81532.542994,  -12634.755274,  1628.577133
S07-B07-BC-C04,  -82200.532654,  6173.316442,  1751.493468
S07-B07-BC-C03,  -82515.763582,  6195.399488,  1751.461426
S07-B07-BC-C02,  -82574.903330,  5348.928300,  1751.483601
S07-B07-BC-C01,  -82259.692406,  5326.874789,  1751.500059
S07-B08-QUAD02-C04,  -82054.392430,  8086.738689,  1628.493101
S07-B08-QUAD02-C03,  -82340.702747,  8117.597629,  1628.504543
S07-B08-QUAD02-C02,  -82353.871490,  7995.307791,  1628.466796
S07-B08-QUAD02-C01,  -82067.558289,  7964.503666,  1628.489270
S07-B08-QUAD01-C03-LONG,  -82430.727812,  7281.724730,  1628.491150
S07-B08-QUAD01-C04-LONG,  -82144.415780,  7250.939188,  1628.458699
S07-B08-QUAD01-C02-LONG,  -82443.864725,  7159.624042,  1628.457903
S07-B08-QUAD01-C01-LONG,  -82157.558567,  7128.836565,  1628.473733
S07-B09-B2-C02,  -82075.566111,  9701.682589,  1628.508634
S07-B09-B2-C01,  -82123.421879,  9369.658857,  1628.526445
S07-B09-B2-LVL02,  -81811.400569,  9515.886386,  1628.509873
S07-B09-B2-LVL01,  -82153.707536,  9128.045326,  1628.499224
S07-B09-B2-LVL03,  -82035.634832,  9946.044617,  1628.496849
S07-B02-QUAD01-C02,  -82375.438414,  -3928.595063,  1628.476543
S07-B02-QUAD01-C01,  -82088.573904,  -3903.700944,  1628.492655
S07-B02-QUAD01-C03,  -82380.837070,  -3866.925424,  1628.470933
S07-B02-QUAD01-C04,  -82093.983097,  -3841.904532,  1628.475923
S07-B02-QUAD02-C03-LONG,  -82449.499176,  -3082.282170,  1628.466016
S07-B02-QUAD02-C02-LONG,  -82429.885617,  -3306.738637,  1628.457647
S07-B02-QUAD02-C01-LONG,  -82143.021196,  -3281.639972,  1628.483477
S07-B02-QUAD02-C04-LONG,  -82162.639433,  -3057.237135,  1628.464859
S07-B03-QUAD01-C02,  -82503.064423,  -2470.039698,  1628.492204
S07-B03-QUAD01-C01,  -82216.216299,  -2444.909594,  1628.486038
S07-B03-QUAD01-C03,  -82508.451353,  -2408.267121,  1628.482097
S07-B03-QUAD01-C04,  -82221.604794,  -2383.154730,  1628.473961
S07-B03-B1-C01-LONG,  -82488.242364,  -1715.091259,  1628.567716
S07-B03-B1-C02-LONG,  -82493.027285,  -1640.067008,  1628.567628
S07-B04-QUAD01-C01,  -82338.452723,  -287.210836,  1628.495438
S07-B04-QUAD01-C02,  -82626.203031,  -298.530235,  1628.487313
S07-B04-QUAD01-C03,  -82630.994341,  -175.788015,  1628.507369
S07-B04-QUAD01-C04,  -82343.239382,  -164.511178,  1628.467349
S07-B04-QUAD02-C01-LONG,  -82371.381692,  552.966024,  1628.487768
S07-B04-QUAD02-C02-LONG,  -82659.131998,  541.696539,  1628.476100
S07-B04-QUAD02-C03-LONG,  -82663.927157,  664.461880,  1628.482272
S07-B04-QUAD02-C04-LONG,  -82376.175579,  675.710506,  1628.468791
S07-B05-B2-LVL01,  -82622.890803,  1622.675658,  1628.472960
S07-B05-B2-LVL03,  -82625.738523,  2326.181936,  1628.467513
S07-B05-B2-LVL02,  -82339.411915,  1968.303889,  1628.452449
S07-B05-B2-C01,  -82627.005263,  1815.603709,  1628.455354
S07-B05-B2-C02,  -82628.161789,  2150.902432,  1628.499196
S07-B06-QUAD01-C01,  -82381.305590,  3411.965933,  1628.472457
S07-B06-QUAD01-C02,  -82669.116155,  3421.359360,  1628.485385
S07-B06-QUAD01-C03,  -82665.135685,  3543.968410,  1628.487014
S07-B06-QUAD01-C04,  -82377.325291,  3534.549066,  1628.469087
S07-B06-QUAD02-C01-LONG,  -82354.151237,  4251.877388,  1628.481446
S07-B06-QUAD02-C02-LONG,  -82641.957790,  4261.310739,  1628.483122
S07-B06-QUAD02-C03-LONG,  -82637.971804,  4384.026887,  1628.481085
S07-B06-QUAD02-C04-LONG,  -82350.149179,  4374.655808,  1628.470161
S07-B10-QUAD01-C01-LONG,  -81668.564525,  10795.378292,  1628.475726
S07-B10-QUAD01-C02-LONG,  -81951.948083,  10846.561624,  1628.468847
S07-B10-QUAD02-C03,  -81780.478070,  11795.210001,  1628.467421
S07-B10-QUAD02-C04,  -81497.110962,  11743.822681,  1628.456705
S07-B10-QUAD02-C01,  -81519.017054,  11622.839898,  1628.470056
S07-B10-QUAD02-C02,  -81802.305044,  11674.357952,  1628.453210
S07-B10-QUAD01-C03-LONG,  -81930.036394,  10967.569918,  1628.476158
S07-B10-QUAD01-C04-LONG,  -81646.651515,  10916.378072,  1628.464006
S08-B05-B2-LVL02,  -77706.432925,  27300.226178,  1628.499297
S08-B05-B2-LVL01,  -78084.507497,  27051.793766,  1628.500466
S08-B05-B2-LVL03,  -77861.620318,  27748.885638,  1628.498608
S08-B05-B2-C02,  -77919.384373,  27579.228124,  1628.475953
S08-B05-B2-C01,  -78021.980781,  27259.751875,  1628.513869
S08-B09-B2-C02,  -75060.537099,  34589.598183,  1628.512852
S08-B09-B2-C01,  -75208.678936,  34288.471867,  1628.525342
S08-B09-B2-LVL02,  -74870.669968,  34322.936509,  1628.494319
S08-B09-B2-LVL01,  -75309.913925,  34072.403374,  1628.462201
S08-B09-B2-LVL03,  -74958.690920,  34787.332389,  1628.504822
S08-B01-QUAD02-C04,  -80746.359369,  15290.388755,  1628.484091
S08-B01-QUAD02-C01,  -80760.327167,  15229.886843,  1628.468877
S08-B01-QUAD01-C01-LONG,  -80937.505310,  14462.291821,  1628.463282
S08-B01-QUAD01-C04-LONG,  -80886.838428,  14681.640717,  1628.437019
S08-B01-QUAD01-C03-LONG,  -81167.381732,  14746.517622,  1628.458350
S08-B01-QUAD01-C02-LONG,  -81218.053510,  14527.141686,  1628.532804
S08-B01-QUAD02-C03,  -81026.923687,  15355.225147,  1628.471771
S08-B01-QUAD02-C02,  -81040.898017,  15294.774456,  1628.460596
S08-B02-QUAD02-C04-LONG,  -79086.025173,  22482.089612,  1628.449009
S08-B02-QUAD02-C01-LONG,  -79136.724193,  22262.692180,  1628.479587
S08-B02-QUAD02-C02-LONG,  -79417.337721,  22327.344458,  1628.462181
S08-B02-QUAD02-C03-LONG,  -79366.625067,  22546.782481,  1628.466317
S08-B02-QUAD01-C01,  -79277.059418,  21654.549843,  1628.463587
S08-B02-QUAD01-C04,  -79263.125094,  21714.941891,  1628.457725
S08-B02-QUAD01-C03,  -79543.705603,  21779.718407,  1628.478057
S08-B02-QUAD01-C02,  -79557.639845,  21719.354600,  1628.475211
S08-B03-QUAD01-C02,  -79228.337728,  23145.686481,  1628.477611
S08-B03-QUAD01-C03,  -79214.419175,  23206.111139,  1628.476255
S08-B03-QUAD01-C01,  -78947.767098,  23080.887121,  1628.459035
S08-B03-QUAD01-C04,  -78933.831817,  23141.365533,  1628.450847
S08-B03-B1-C01-LONG,  -78981.218806,  23859.235933,  1628.343911
S08-B03-B1-C02-LONG,  -78962.427122,  23931.820385,  1628.345578
S08-B06-QUAD02-C03-LONG,  -77238.680480,  29705.923230,  1628.483691
S08-B06-QUAD02-C02-LONG,  -77280.376610,  29590.486756,  1628.460402
S08-B06-QUAD02-C01-LONG,  -77009.486413,  29492.774591,  1628.456117
S08-B06-QUAD02-C04-LONG,  -76967.791323,  29608.178998,  1628.447866
S08-B06-QUAD01-C04,  -77253.041445,  28818.021479,  1628.460570
S08-B06-QUAD01-C01,  -77294.823109,  28702.398606,  1628.467466
S08-B06-QUAD01-C02,  -77565.643754,  28800.263116,  1628.481639
S08-B06-QUAD01-C03,  -77523.918291,  28915.813604,  1628.484344
S08-B07-BC-C02,  -76880.516409,  30604.162853,  1751.506749
S08-B07-BC-C03,  -76562.696716,  31390.873810,  1751.494301
S08-B07-BC-C01,  -76587.535458,  30485.760643,  1751.522893
S08-B07-BC-C04,  -76269.696785,  31272.484913,  1751.500263
S08-B08-QUAD01-C03-LONG,  -76146.057083,  32397.945779,  1628.523210
S08-B08-QUAD01-C02-LONG,  -76196.332533,  32285.830420,  1628.501476
S08-B08-QUAD01-C01-LONG,  -75933.632038,  32167.865205,  1628.507801
S08-B08-QUAD01-C04-LONG,  -75883.278273,  32280.139390,  1628.506631
S08-B08-QUAD02-C04,  -75539.393200,  33047.170323,  1628.511060
S08-B08-QUAD02-C01,  -75589.649754,  32935.156625,  1628.517132
S08-B08-QUAD02-C02,  -75852.394278,  33053.034991,  1628.491175
S08-B08-QUAD02-C03,  -75802.196697,  33164.916497,  1628.519882
S09-B03-QUAD01-C01,  -67951.566272,  46347.177933,  1628.498668
S09-B03-QUAD01-C02,  -68198.432454,  46495.464379,  1628.506183
S09-B03-QUAD01-C04,  -67919.599140,  46400.344769,  1628.502510
S09-B03-QUAD01-C03,  -68166.412552,  46548.693642,  1628.512565
S09-B03-B1-C01-LONG,  -67742.295110,  47097.961461,  1628.556967
S09-B03-B1-C02-LONG,  -67702.224152,  47161.214721,  1628.582763
S09-B07-BC-C03,  -63115.112608,  53513.728214,  1751.492578
S09-B07-BC-C04,  -62873.052466,  53310.558372,  1751.507167
S09-B07-BC-C01,  -63418.475723,  52660.543652,  1751.506360
S09-B07-BC-C02,  -63660.501982,  52863.675583,  1751.527063
S09-B08-QUAD01-C03-LONG,  -62407.703252,  54342.686978,  1628.512505
S09-B08-QUAD01-C02-LONG,  -62490.165515,  54251.617740,  1628.492153
S09-B08-QUAD01-C04-LONG,  -62194.254647,  54149.367110,  1628.485113
S09-B08-QUAD01-C01-LONG,  -62276.679100,  54058.341530,  1628.490391
S09-B08-QUAD02-C04,  -61629.948397,  54772.822687,  1628.490844
S09-B08-QUAD02-C01,  -61712.525892,  54681.641553,  1628.499887
S09-B08-QUAD02-C03,  -61843.399122,  54966.152495,  1628.505474
S09-B08-QUAD02-C02,  -61925.892133,  54875.052210,  1628.499118
S09-B09-B2-LVL01,  -61095.471107,  55676.140812,  1628.493204
S09-B09-B2-LVL02,  -60591.375946,  55788.044265,  1628.483198
S09-B09-B2-LVL03,  -60538.798681,  56249.424089,  1628.507148
S09-B09-B2-C02,  -60698.024702,  56091.618136,  1628.493612
S09-B09-B2-C01,  -60931.951378,  55851.028223,  1628.497499
S10-B07-BC-C04,  -43321.913969,  70130.174357,  1751.474247
S10-B07-BC-C01,  -44041.502630,  69680.542593,  1751.474498
S10-B07-BC-C02,  -44208.944451,  69948.526505,  1751.495215
S10-B07-BC-C03,  -43489.312831,  70398.201704,  1751.461810
S10-B08-QUAD01-C01-LONG,  -42523.748265,  70657.094883,  1628.488288
S10-B08-QUAD01-C04-LONG,  -42417.087195,  70718.276675,  1628.469537
S10-B08-QUAD01-C03-LONG,  -42560.419799,  70968.030489,  1628.491451
S10-B08-QUAD01-C02-LONG,  -42667.081001,  70906.854068,  1628.464266
S10-B08-QUAD02-C02,  -41938.204076,  71325.155072,  1628.458963
S10-B08-QUAD02-C03,  -41831.457382,  71386.363329,  1628.487645
S10-B08-QUAD02-C04,  -41687.876534,  71136.744878,  1628.462904
S10-B08-QUAD02-C01,  -41794.425146,  71075.633241,  1628.467825
S10-B10-QUAD02-C03,  -38527.409710,  73094.534382,  1628.476176
S10-B10-QUAD02-C04,  -38402.428845,  72835.112375,  1628.490319
S10-B10-QUAD02-C02,  -38638.129992,  73041.150692,  1628.475413
S10-B10-QUAD02-C01,  -38513.046997,  72781.780091,  1628.484162
S10-B10-QUAD01-C03-LONG,  -39284.394237,  72729.349636,  1628.466055
S10-B10-QUAD01-C02-LONG,  -39394.973144,  72676.038832,  1628.448047
S10-B10-QUAD01-C01-LONG,  -39269.920381,  72416.641270,  1628.474327
S10-B10-QUAD01-C04-LONG,  -39159.351448,  72469.946176,  1628.475166
S10-B11-QUAD01-C04,  -36439.381771,  73740.451515,  1628.460383
S10-B11-QUAD01-C03,  -36551.917491,  74005.496694,  1628.463374
S10-B11-QUAD01-C02,  -36608.979963,  73981.272634,  1628.467701
S10-B11-QUAD01-C01,  -36496.483140,  73716.205438,  1628.454387
S10-B11-B1-C01-LONG,  -37279.729240,  73606.554766,  1628.664758
S10-B11-B1-C02-LONG,  -37211.413747,  73637.528549,  1628.688785
S10-B02-QUAD02-C04-LONG,  -50767.233515,  64673.980266,  1628.481628
S10-B02-QUAD02-C03-LONG,  -50956.143754,  64891.326101,  1628.472347
S10-B02-QUAD02-C02-LONG,  -51126.290212,  64743.486452,  1628.444381
S10-B02-QUAD02-C01-LONG,  -50937.428737,  64526.117216,  1628.478763
S10-B02-QUAD01-C02,  -51597.734665,  64333.639368,  1628.457987
S10-B02-QUAD01-C03,  -51550.906025,  64374.316272,  1628.494111
S10-B02-QUAD01-C01,  -51408.847950,  64116.297220,  1628.477335
S10-B02-QUAD01-C04,  -51362.027276,  64156.959167,  1628.492689
S10-B03-B1-C01-LONG,  -49872.841016,  65726.085481,  1628.335447
S10-B03-QUAD01-C02,  -50492.680067,  65294.281060,  1628.470067
S10-B03-B1-C02-LONG,  -49814.724077,  65773.974911,  1628.326238
S10-B03-QUAD01-C03,  -50445.787954,  65335.023230,  1628.480867
S10-B03-QUAD01-C01,  -50303.722530,  65076.972930,  1628.485450
S10-B03-QUAD01-C04,  -50256.909149,  65117.638228,  1628.471801
S10-B04-QUAD01-C01,  -48629.542934,  66444.481806,  1628.479681
S10-B04-QUAD01-C02,  -48807.909980,  66670.585864,  1628.462681
S10-B04-QUAD01-C03,  -48711.299982,  66746.704618,  1628.488360
S10-B04-QUAD01-C04,  -48532.984115,  66520.559520,  1628.458201
S10-B04-QUAD02-C01-LONG,  -47969.285678,  66964.944079,  1628.481087
S10-B04-QUAD02-C02-LONG,  -48147.501337,  67191.156534,  1628.470290
S10-B04-QUAD02-C03-LONG,  -48051.142209,  67267.059233,  1628.490202
S10-B04-QUAD02-C04-LONG,  -47872.936166,  67040.844416,  1628.479301
S10-B05-B2-C02,  -46827.643914,  68111.758218,  1628.506202
S10-B05-B2-C01,  -47097.956818,  67913.958021,  1628.468335
S10-B05-B2-LVL03,  -46677.108845,  68217.922973,  1628.493359
S10-B05-B2-LVL01,  -47246.791331,  67800.776192,  1628.499462
S10-B05-B2-LVL02,  -46805.419138,  67770.972113,  1628.515740
S10-B06-QUAD01-C01,  -45662.214996,  68653.336019,  1628.476559
S10-B06-QUAD01-C02,  -45823.919188,  68891.619205,  1628.473884
S10-B06-QUAD01-C03,  -45722.228832,  68960.562609,  1628.494169
S10-B06-QUAD01-C04,  -45560.567923,  68722.229402,  1628.452730
S10-B06-QUAD02-C01-LONG,  -44966.607556,  69125.147999,  1628.471910
S10-B06-QUAD02-C02-LONG,  -45128.171281,  69363.530943,  1628.474263
S10-B06-QUAD02-C03-LONG,  -45026.606454,  69432.375920,  1628.485617
S10-B06-QUAD02-C04-LONG,  -44865.064360,  69193.969610,  1628.444157
S11-B01-QUAD01-C04-LONG,  -35666.285413,  74068.580701,  1628.479829
S11-B01-QUAD01-C01-LONG,  -35873.621337,  73980.597004,  1628.495216
S11-B01-QUAD01-C02-LONG,  -35986.177466,  74245.643366,  1628.486017
S11-B01-QUAD01-C03-LONG,  -35778.759593,  74333.660525,  1628.476990
S11-B01-QUAD02-C03,  -35204.024759,  74577.627396,  1628.471738
S11-B01-QUAD02-C04,  -35091.647970,  74312.499628,  1628.472963
S11-B01-QUAD02-C02,  -35261.060619,  74553.433356,  1628.467423
S11-B01-QUAD02-C01,  -35148.795323,  74288.275462,  1628.480550
S11-B02-QUAD01-C01,  -29079.080612,  76864.671001,  1628.469962
S11-B02-QUAD01-C04,  -29021.960067,  76888.900403,  1628.467498
S11-B02-QUAD01-C02,  -29191.625594,  77129.727219,  1628.466294
S11-B02-QUAD01-C03,  -29134.435880,  77153.983503,  1628.486140
S11-B02-QUAD02-C03-LONG,  -28409.759111,  77461.634428,  1628.499016
S11-B02-QUAD02-C02-LONG,  -28617.244436,  77373.573180,  1628.478364
S11-B02-QUAD02-C01-LONG,  -28504.544150,  77108.575574,  1628.504940
S11-B02-QUAD02-C04-LONG,  -28297.167495,  77196.592410,  1628.494464
S11-B03-QUAD01-C01,  -27731.514607,  77436.685526,  1628.489277
S11-B03-QUAD01-C04,  -27674.362049,  77460.922406,  1628.479695
S11-B03-QUAD01-C02,  -27844.017006,  77701.757311,  1628.467080
S11-B03-QUAD01-C03,  -27786.865080,  77725.977917,  1628.484529
S11-B03-SEXT01-C02,  -28128.614025,  77580.956565,  1628.525250
S11-B03-SEXT01-C01,  -28016.028826,  77315.886910,  1628.548993
S11-B03-B1-C01-LONG,  -27121.424750,  77920.860144,  1628.506510
S11-B03-B1-C02-LONG,  -27051.348556,  77948.522506,  1628.502367
S11-B07-BC-C04,  -19530.210535,  80084.969738,  1751.469128
S11-B07-BC-C01,  -20353.499480,  79879.712881,  1751.484868
S11-B07-BC-C02,  -20429.895016,  80186.297053,  1751.503795
S11-B07-BC-C03,  -19606.591597,  80391.607304,  1751.464419
S11-B08-QUAD01-C01-LONG,  -18608.243269,  80339.420881,  1628.451375
S11-B08-QUAD01-C04-LONG,  -18487.951016,  80364.633572,  1628.448673
S11-B08-QUAD01-C02-LONG,  -18667.241490,  80621.283040,  1628.459200
S11-B08-QUAD01-C03-LONG,  -18547.022851,  80646.491229,  1628.469472
S11-B08-QUAD02-C01,  -17785.464478,  80512.086308,  1628.471765
S11-B08-QUAD02-C04,  -17665.167850,  80537.308152,  1628.472376
S11-B08-QUAD02-C02,  -17844.548127,  80793.916523,  1628.483150
S11-B08-QUAD02-C03,  -17724.267256,  80819.146117,  1628.506124
S11-B09-B2-LVL01,  -16678.982369,  80958.629068,  1628.480664
S11-B09-B2-LVL03,  -15924.638805,  81088.942741,  1628.503394
S11-B09-B2-LVL02,  -16246.112862,  80745.161745,  1628.484843
S11-B09-B2-C02,  -16135.812823,  81056.513183,  1628.510918
S11-B09-B2-C01,  -16466.666557,  80999.321065,  1628.511268
S12-B04-QUAD01-C01,  -287.057990,  82338.451175,  1628.492323
S12-B04-QUAD01-C02,  -298.458248,  82626.207735,  1628.484461
S12-B04-QUAD01-C03,  -175.534607,  82631.029316,  1628.494200
S12-B04-QUAD01-C04,  -164.228919,  82343.274663,  1628.479783
S12-B04-QUAD02-C01-LONG,  553.112632,  82371.397048,  1628.494423
S12-B04-QUAD02-C02-LONG,  541.615835,  82659.142045,  1628.479376
S12-B04-QUAD02-C03-LONG,  664.383888,  82663.928601,  1628.520558
S12-B04-QUAD02-C04-LONG,  675.697216,  82376.170124,  1628.483475
S12-B05-B2-C01,  1815.545029,  82627.032761,  1628.519861
S12-B05-B2-C02,  2150.920509,  82628.177572,  1628.538232
S12-B05-B2-LVL02,  1971.261583,  82339.454268,  1628.504017
S12-B05-B2-LVL01,  1658.874383,  82623.928455,  1628.489992
S12-B05-B2-LVL03,  2288.560555,  82626.510660,  1628.515578
S12-B06-QUAD01-C01,  3411.685444,  82381.285625,  1628.501412
S12-B06-QUAD01-C02,  3420.998489,  82669.118237,  1628.482467
S12-B06-QUAD01-C03,  3543.896404,  82665.119449,  1628.490508
S12-B06-QUAD01-C04,  3534.588185,  82377.289304,  1628.491663
S12-B06-QUAD02-C01-LONG,  4251.933447,  82354.168042,  1628.490107
S12-B06-QUAD02-C02-LONG,  4261.274014,  82642.006279,  1628.456659
S12-B06-QUAD02-C03-LONG,  4384.102448,  82637.974544,  1628.466638
S12-B06-QUAD02-C04-LONG,  4374.702801,  82350.152011,  1628.472789
S12-B07-BC-C01,  5326.837261,  82259.736670,  1751.505546
S12-B07-BC-C02,  5348.897835,  82574.923269,  1751.517082
S12-B07-BC-C03,  6195.378829,  82515.747401,  1751.513755
S12-B07-BC-C04,  6173.279892,  82200.528946,  1751.518525
S12-B08-QUAD01-C01-LONG,  7128.791770,  82157.597767,  1628.489185
S12-B08-QUAD01-C02-LONG,  7159.722094,  82443.914056,  1628.500716
S12-B08-QUAD02-C03,  8117.748238,  82340.670072,  1628.536101
S12-B08-QUAD02-C04,  8086.769162,  82054.367557,  1628.507597
S12-B08-QUAD02-C01,  7964.692828,  82067.547042,  1628.510477
S12-B08-QUAD02-C02,  7995.472655,  82353.874939,  1628.509085
S12-B08-QUAD01-C04-LONG,  7250.845260,  82144.425885,  1628.504582
S12-B08-QUAD01-C03-LONG,  7281.720582,  82430.741405,  1628.528450
S12-B09-B2-C02,  9701.714880,  82075.591455,  1628.509388
S12-B09-B2-C01,  9369.512935,  82123.432798,  1628.520787
S12-B09-B2-LVL02,  9503.082063,  81813.139154,  1628.505827
S12-B09-B2-LVL01,  9114.239456,  82155.136956,  1628.530672
S12-B09-B2-LVL03,  9945.585051,  82035.822033,  1628.512843
S12-B10-QUAD01-C03-LONG,  10967.442956,  81930.084415,  1628.464195
S12-B10-QUAD01-C02-LONG,  10846.730092,  81951.924721,  1628.466401
S12-B10-QUAD01-C01-LONG,  10795.419237,  81668.569645,  1628.457827
S12-B10-QUAD01-C04-LONG,  10916.248780,  81646.709800,  1628.451724
S12-B10-QUAD02-C02,  11674.024691,  81802.392015,  1628.466157
S12-B10-QUAD02-C03,  11794.820284,  81780.551465,  1628.472309
S12-B10-QUAD02-C04,  11743.539096,  81497.192614,  1628.471720
S12-B10-QUAD02-C01,  11622.807496,  81519.024205,  1628.464569
S12-B11-QUAD01-C04,  13863.244934,  81075.826191,  1628.473303
S12-B11-QUAD01-C03,  13928.048985,  81356.402217,  1628.452518
S12-B11-B1-C02-LONG,  13178.617905,  81446.688337,  1628.538897
S12-B11-B1-C01-LONG,  13104.764803,  81462.054445,  1628.523750
S12-B11-QUAD01-C02,  13867.594603,  81370.358654,  1628.465976
S12-B11-QUAD01-C01,  13802.858239,  81089.769953,  1628.484801
S12-B02-QUAD02-C03-LONG,  -3082.292640,  82449.473392,  1628.486075
S12-B02-QUAD02-C04-LONG,  -3057.259195,  82162.579676,  1628.457006
S12-B02-QUAD02-C02-LONG,  -3306.619987,  82429.845992,  1628.464741
S12-B02-QUAD02-C01-LONG,  -3281.641111,  82142.978583,  1628.482444
S12-B02-QUAD01-C02,  -3928.048442,  82375.494620,  1628.462210
S12-B02-QUAD01-C03,  -3866.349832,  82380.878012,  1628.462704
S12-B02-QUAD01-C01,  -3903.199046,  82088.607113,  1628.460344
S12-B02-QUAD01-C04,  -3841.378516,  82093.998055,  1628.452223
S12-B03-QUAD01-C01,  -2444.619612,  82216.212261,  1628.463388
S12-B03-QUAD01-C02,  -2469.703076,  82503.061785,  1628.464916
S12-B03-B1-C01-LONG,  -1714.743485,  82488.442955,  1628.539006
S12-B03-QUAD01-C03,  -2407.944873,  82508.460563,  1628.468200
S12-B03-QUAD01-C04,  -2382.827636,  82221.602012,  1628.475245
S12-B03-B1-C02-LONG,  -1640.360910,  82493.201885,  1628.540355
S13-B01-SEXT01-C04,  14883.900570,  80840.136342,  1628.576234
S13-B01-SEXT01-C03,  14948.906233,  81120.688594,  1628.547838
S13-B01-QUAD01-C03-LONG,  14647.940131,  81190.203126,  1628.481681
S13-B01-QUAD01-C02-LONG,  14528.144002,  81217.867491,  1628.472182
S13-B01-QUAD01-C01-LONG,  14463.372337,  80937.303474,  1628.480714
S13-B01-QUAD01-C04-LONG,  14583.169506,  80909.623230,  1628.507700
S13-B02-QUAD01-C01-LONG,  22361.105266,  79113.909985,  1628.478758
S13-B02-QUAD01-C04-LONG,  22480.890861,  79086.308242,  1628.481234
S13-B02-QUAD01-C02-LONG,  22426.049206,  79394.467946,  1628.479747
S13-B02-QUAD01-C03-LONG,  22545.600499,  79366.915202,  1628.494762
S13-B02-SEXT01-C01,  22060.350511,  79183.228050,  1628.501330
S13-B02-SEXT01-C02,  22125.199916,  79463.810779,  1628.498364
S13-B03-QUAD01-C01,  23080.739808,  78947.799678,  1628.468584
S13-B03-QUAD01-C02,  23145.477699,  79228.393727,  1628.471188
S13-B03-QUAD01-C03,  23206.039966,  79214.399133,  1628.483631
S13-B03-QUAD01-C04,  23141.229114,  78933.831931,  1628.485821
S13-B03-B1-C02-LONG,  23932.147838,  78962.320720,  1628.644891
S13-B03-B1-C01-LONG,  23858.928983,  78981.187505,  1628.616736
S13-B07-BC-C01,  30485.776522,  76587.523073,  1751.484604
S13-B07-BC-C04,  31272.490766,  76269.660999,  1751.507594
S13-B07-BC-C02,  30604.174756,  76880.482682,  1751.497915
S13-B07-BC-C03,  31390.915460,  76562.638960,  1751.498382
S13-B08-QUAD01-C01-LONG,  32167.993037,  75933.602172,  1628.493032
S13-B08-QUAD01-C04-LONG,  32280.006400,  75883.357956,  1628.490700
S13-B08-QUAD01-C02-LONG,  32285.910024,  76196.307295,  1628.495678
S13-B08-QUAD01-C03-LONG,  32397.889853,  76146.078164,  1628.502644
S13-B08-QUAD02-C01,  32935.009404,  75589.746031,  1628.511900
S13-B08-QUAD02-C04,  33047.145600,  75539.431881,  1628.514902
S13-B08-QUAD02-C02,  33052.922837,  75852.466805,  1628.500417
S13-B08-QUAD02-C03,  33165.041802,  75802.163091,  1628.507760
S13-B09-B2-C02,  34589.526072,  75060.567945,  1628.529437
S13-B09-B2-C01,  34288.559790,  75208.606341,  1628.554156
S13-B09-B2-LVL01,  34103.207402,  75295.762681,  1628.509043
S13-B09-B2-LVL03,  34793.820155,  74955.345660,  1628.532421
S13-B09-B2-LVL02,  34339.991221,  74862.293177,  1628.530642
S14-B04-QUAD01-C01,  48165.314661,  66781.821094,  1628.503307
S14-B04-QUAD01-C02,  48325.281221,  67021.269326,  1628.472031
S14-B04-QUAD01-C03,  48427.414028,  66952.969522,  1628.488223
S14-B04-QUAD01-C04,  48267.411671,  66713.538411,  1628.482970
S14-B04-QUAD02-C01-LONG,  48864.067341,  66314.817898,  1628.485026
S14-B04-QUAD02-C02-LONG,  49024.002314,  66554.277683,  1628.469154
S14-B04-QUAD02-C03-LONG,  49126.221079,  66485.930626,  1628.498073
S14-B04-QUAD02-C04-LONG,  48966.148878,  66246.527719,  1628.455502
S14-B05-B2-LVL02,  49984.691896,  65461.092935,  1628.490724
S14-B05-B2-LVL01,  49881.935701,  65886.537798,  1628.502069
S14-B05-B2-LVL03,  50422.668595,  65497.593325,  1628.495004
S14-B05-B2-C02,  50307.771575,  65583.314235,  1628.490030
S14-B05-B2-C01,  50035.762561,  65779.504305,  1628.494379
S14-B06-QUAD01-C01,  51182.815385,  64642.368297,  1628.496928
S14-B06-QUAD01-C02,  51359.431371,  64869.823484,  1628.462439
S14-B06-QUAD01-C03,  51456.512880,  64794.396483,  1628.489583
S14-B06-QUAD01-C04,  51279.900822,  64566.914724,  1628.481122
S14-B06-QUAD02-C01-LONG,  51846.402187,  64126.700049,  1628.504634
S14-B06-QUAD02-C02-LONG,  52023.147495,  64354.053252,  1628.474039
S14-B06-QUAD02-C03-LONG,  52120.160641,  64278.590709,  1628.493587
S14-B06-QUAD02-C04-LONG,  51943.350283,  64051.278889,  1628.480604
S14-B07-BC-C04,  53310.518913,  62873.049556,  1751.485617
S14-B07-BC-C03,  53513.677657,  63115.125232,  1751.502262
S14-B07-BC-C02,  52863.657566,  63660.522338,  1751.513494
S14-B07-BC-C01,  52660.525394,  63418.435768,  1751.481839
S14-B08-QUAD01-C04-LONG,  54149.398968,  62194.250226,  1628.461331
S14-B08-QUAD01-C01-LONG,  54058.309242,  62276.720430,  1628.462205
S14-B08-QUAD01-C03-LONG,  54342.690449,  62407.721234,  1628.485224
S14-B08-QUAD01-C02-LONG,  54251.590055,  62490.198092,  1628.475252
S14-B08-QUAD02-C02,  54874.862663,  61926.102116,  1628.484814
S14-B08-QUAD02-C03,  54965.986136,  61843.601045,  1628.499905
S14-B08-QUAD02-C04,  54772.695620,  61630.137098,  1628.507829
S14-B08-QUAD02-C01,  54681.569966,  61712.643131,  1628.504563
S14-B09-B2-LVL02,  55775.524080,  60603.599048,  1628.464130
S14-B09-B2-C01,  55851.032273,  60931.998728,  1628.530389
S14-B09-B2-C02,  56091.649669,  60698.026795,  1628.550627
S14-B09-B2-LVL01,  55655.768739,  61114.531086,  1628.488496
S14-B09-B2-LVL03,  56270.730666,  60517.008111,  1628.495583
S14-B02-QUAD01-C02,  45240.739629,  68952.300863,  1628.480851
S14-B02-QUAD01-C01,  45092.397250,  68705.496875,  1628.486696
S14-B02-QUAD01-C04,  45145.444883,  68673.564656,  1628.473501
S14-B02-QUAD01-C03,  45293.883435,  68920.319745,  1628.494217
S14-B02-QUAD02-C03-LONG,  45968.981350,  68514.731558,  1628.498339
S14-B02-QUAD02-C02-LONG,  45775.906983,  68630.773243,  1628.491547
S14-B02-QUAD02-C01-LONG,  45627.544707,  68383.984016,  1628.501486
S14-B02-QUAD02-C04-LONG,  45820.662407,  68267.893068,  1628.489961
S14-B03-B1-C01-LONG,  47097.832162,  67742.814931,  1628.658044
S14-B03-B1-C02-LONG,  47161.588408,  67702.270022,  1628.659967
S14-B03-QUAD01-C02,  46495.353998,  68198.464301,  1628.508910
S14-B03-QUAD01-C03,  46548.460584,  68166.563414,  1628.516689
S14-B03-QUAD01-C01,  46347.020600,  67951.652334,  1628.518577
S14-B03-QUAD01-C04,  46400.229246,  67919.678880,  1628.518686
S15-B02-QUAD02-C04-LONG,  64673.958087,  50767.309772,  1628.472151
S15-B02-QUAD02-C01-LONG,  64526.166489,  50937.340470,  1628.473159
S15-B02-QUAD02-C03-LONG,  64891.322330,  50956.186785,  1628.496800
S15-B02-QUAD02-C02-LONG,  64743.450074,  51126.329271,  1628.471891
S15-B02-QUAD01-C04,  64157.338305,  51361.588539,  1628.458781
S15-B02-QUAD01-C01,  64116.703751,  51408.372923,  1628.471465
S15-B02-QUAD01-C03,  64374.759776,  51550.413079,  1628.478784
S15-B02-QUAD01-C02,  64334.040187,  51597.278366,  1628.477332
S15-B03-QUAD01-C04,  65117.626655,  50256.928347,  1628.452428
S15-B03-QUAD01-C01,  65076.967579,  50303.711577,  1628.479272
S15-B03-QUAD01-C02,  65294.229865,  50492.733981,  1628.473063
S15-B03-QUAD01-C03,  65335.024473,  50445.786582,  1628.474421
S15-B03-B1-C02-LONG,  65774.408391,  49814.756278,  1628.426985
S15-B03-B1-C01-LONG,  65726.112025,  49873.157831,  1628.447026
S15-B07-BC-C02,  69948.557559,  44208.893002,  1751.529462
S15-B07-BC-C03,  70398.225963,  43489.327852,  1751.511741
S15-B07-BC-C04,  70130.212776,  43321.914422,  1751.515755
S15-B07-BC-C01,  69680.557013,  44041.523232,  1751.503287
S15-B08-QUAD02-C03,  71386.388145,  41831.402361,  1628.492043
S15-B08-QUAD02-C02,  71325.151661,  41938.092303,  1628.482256
S15-B08-QUAD02-C04,  71136.624189,  41688.050114,  1628.457185
S15-B08-QUAD02-C01,  71075.468844,  41794.600872,  1628.452832
S15-B08-QUAD01-C01-LONG,  70657.112471,  42523.645784,  1628.485350
S15-B08-QUAD01-C04-LONG,  70718.186189,  42417.172609,  1628.476267
S15-B08-QUAD01-C02-LONG,  70906.859717,  42667.002161,  1628.509701
S15-B08-QUAD01-C03-LONG,  70967.972210,  42560.466036,  1628.507230
S16-B04-QUAD01-C01,  78219.774289,  25717.127030,  1628.509142
S16-B04-QUAD01-C02,  78489.976954,  25816.749247,  1628.481991
S16-B04-QUAD01-C03,  78532.508812,  25701.411917,  1628.506607
S16-B04-QUAD01-C04,  78262.304360,  25601.753579,  1628.487566
S16-B04-QUAD02-C01-LONG,  78510.680919,  24928.367083,  1628.522714
S16-B04-QUAD02-C02-LONG,  78780.921846,  25027.856669,  1628.490501
S16-B04-QUAD02-C03-LONG,  78823.376444,  24912.601622,  1628.507313
S16-B04-QUAD02-C04-LONG,  78553.157106,  24813.016238,  1628.486442
S16-B05-B2-C01,  79144.037275,  23806.430977,  1628.532803
S16-B05-B2-C02,  79248.695818,  23487.961041,  1628.522258
S16-B05-B2-LVL02,  78916.213959,  23576.870785,  1628.486233
S16-B05-B2-LVL01,  79071.741730,  24013.421838,  1628.506481
S16-B05-B2-LVL03,  79301.134648,  23318.880562,  1628.486342
S16-B06-QUAD01-C01,  79403.480112,  22212.737371,  1628.483054
S16-B06-QUAD01-C02,  79680.091502,  22292.868136,  1628.484060
S16-B06-QUAD01-C03,  79714.260174,  22174.688119,  1628.490023
S16-B06-QUAD01-C04,  79437.636838,  22094.610928,  1628.470883
S16-B06-QUAD02-C01-LONG,  79637.377687,  21405.007055,  1628.486994
S16-B06-QUAD02-C02-LONG,  79914.026917,  21484.979419,  1628.464821
S16-B06-QUAD02-C03-LONG,  79948.111836,  21367.109829,  1628.485978
S16-B06-QUAD02-C04-LONG,  79671.470271,  21287.084770,  1628.479088
S16-B08-QUAD01-C02-LONG,  80621.275126,  18667.261118,  1628.475678
S16-B08-QUAD01-C03-LONG,  80646.465763,  18547.156145,  1628.497289
S16-B08-QUAD01-C04-LONG,  80364.600532,  18488.097410,  1628.463792
S16-B08-QUAD01-C01-LONG,  80339.405598,  18608.209831,  1628.499200
S16-B08-QUAD02-C01,  80512.053077,  17785.692831,  1628.520990
S16-B08-QUAD02-C04,  80537.289045,  17665.364591,  1628.490308
S16-B08-QUAD02-C03,  80819.128402,  17724.502853,  1628.506029
S16-B08-QUAD02-C02,  80793.888908,  17844.886680,  1628.502623
S16-B10-QUAD01-C02-LONG,  81292.753098,  15008.704821,  1628.488885
S16-B10-QUAD01-C01-LONG,  81007.421063,  14969.849020,  1628.495358
S16-B10-QUAD01-C04-LONG,  81023.904972,  14848.389293,  1628.481942
S16-B10-QUAD01-C03-LONG,  81309.253618,  14886.985707,  1628.485608
S16-B10-QUAD02-C03,  81422.761430,  14053.794186,  1628.484206
S16-B10-QUAD02-C02,  81406.164591,  14175.736441,  1628.486924
S16-B10-QUAD02-C01,  81120.817402,  14137.004780,  1628.485452
S16-B10-QUAD02-C04,  81137.399426,  14015.104258,  1628.488752
S16-B11-B1-C02-LONG,  81532.948868,  12634.810703,  1628.505422
S16-B11-B1-C01-LONG,  81524.540012,  12709.668558,  1628.518958
S16-B11-QUAD01-C03,  81678.556843,  11894.048701,  1628.483298
S16-B11-QUAD01-C04,  81391.685569,  11868.964949,  1628.481083
S16-B11-QUAD01-C01,  81386.298109,  11930.805018,  1628.487722
S16-B11-QUAD01-C02,  81673.157858,  11955.871916,  1628.476469
S16-B02-QUAD02-C03-LONG,  77461.656815,  28409.636676,  1628.486457
S16-B02-QUAD02-C02-LONG,  77373.659505,  28616.988357,  1628.471323
S16-B02-QUAD02-C01-LONG,  77108.518576,  28504.600430,  1628.487452
S16-B02-QUAD02-C04-LONG,  77196.541987,  28297.176664,  1628.482174
S16-B02-QUAD01-C02,  77129.643060,  29191.815856,  1628.468121
S16-B02-QUAD01-C03,  77153.844733,  29134.735401,  1628.496257
S16-B02-QUAD01-C01,  76864.525504,  29079.420936,  1628.456622
S16-B02-QUAD01-C04,  76888.768733,  29022.224781,  1628.459902
S16-B03-QUAD01-C02,  77701.848246,  27843.798427,  1628.482113
S16-B03-QUAD01-C01,  77436.771252,  27731.304103,  1628.483743
S16-B03-QUAD01-C04,  77461.018815,  27674.128063,  1628.477217
S16-B03-QUAD01-C03,  77726.092853,  27786.655003,  1628.501446
S16-B03-B1-C02-LONG,  77948.869920,  27051.650930,  1628.626480
S16-B03-B1-C01-LONG,  77921.284950,  27121.426491,  1628.617956
S17-B01-QUAD01-C02-LONG,  81732.285705,  11280.588962,  1628.469955
S17-B01-QUAD01-C03-LONG,  81742.910083,  11158.088008,  1628.486808
S17-B01-QUAD01-C04-LONG,  81456.046892,  11133.022229,  1628.477951
S17-B01-SEXT01-C03,  81769.775677,  10850.383443,  1628.490816
S17-B01-SEXT01-C04,  81482.809990,  10825.657580,  1628.495553
S17-B01-QUAD01-C01-LONG,  81445.425395,  11255.410129,  1628.489574
S17-B06-QUAD02-C04-LONG,  82350.160143,  -4374.838280,  1628.490699
S17-B06-QUAD02-C01-LONG,  82354.144978,  -4251.961137,  1628.509568
S17-B06-QUAD02-C02-LONG,  82641.975640,  -4261.054165,  1628.468141
S17-B06-QUAD02-C03-LONG,  82637.980961,  -4384.067836,  1628.477728
S17-B06-QUAD01-C03,  82665.099162,  -3543.834416,  1628.503785
S17-B06-QUAD01-C02,  82669.120185,  -3420.760848,  1628.485765
S17-B06-QUAD01-C01,  82381.285014,  -3411.546738,  1628.478255
S17-B06-QUAD01-C04,  82377.274743,  -3534.389524,  1628.465714
S17-B07-BC-C04,  82200.474941,  -6173.327076,  1751.512247
S17-B07-BC-C03,  82515.737826,  -6195.441947,  1751.496422
S17-B07-BC-C01,  82259.661308,  -5326.898257,  1751.490731
S17-B07-BC-C02,  82574.881074,  -5348.917422,  1751.492960
S17-B02-QUAD01-C03-LONG,  82449.367167,  3083.434042,  1628.492910
S17-B02-QUAD01-C04-LONG,  82162.488074,  3058.319998,  1628.455280
S17-B02-SEXT01-C01,  82124.900734,  3488.291143,  1628.535712
S17-B02-SEXT01-C02,  82411.819563,  3513.374119,  1628.544446
S17-B02-QUAD01-C01-LONG,  82151.801450,  3180.879701,  1628.480247
S17-B02-QUAD01-C02-LONG,  82438.680047,  3205.981768,  1628.490907
S17-B03-B1-C02-LONG,  82492.960457,  1639.917339,  1628.325141
S17-B03-QUAD01-C01,  82216.158270,  2445.564310,  1628.456280
S17-B03-QUAD01-C02,  82503.022330,  2470.605845,  1628.447129
S17-B03-QUAD01-C04,  82221.550542,  2383.717260,  1628.455046
S17-B03-B1-C01-LONG,  82488.299426,  1715.273295,  1628.313159
S17-B03-QUAD01-C03,  82508.419983,  2408.846771,  1628.463765
S17-B09-B2-C02,  82075.601190,  -9701.597599,  1628.486500
S17-B09-B2-C01,  82123.394860,  -9369.686485,  1628.471264
S17-B09-B2-LVL01,  82173.100987,  -8964.717033,  1628.470479
S17-B09-B2-LVL03,  82009.195725,  -10104.592022,  1628.485395
S17-B09-B2-LVL02,  81813.941125,  -9497.625024,  1628.484564
S17-B10-QUAD01-C01-LONG,  81668.564437,  -10795.381063,  1628.477490
S17-B10-QUAD01-C04-LONG,  81646.657110,  -10916.339700,  1628.459459
S17-B10-QUAD01-C02-LONG,  81951.946186,  -10846.634715,  1628.452738
S17-B10-QUAD01-C03-LONG,  81930.034109,  -10967.648266,  1628.450838
S17-B10-QUAD02-C04,  81497.186603,  -11743.479096,  1628.468397
S17-B10-QUAD02-C01,  81519.074026,  -11622.619177,  1628.473814
S17-B10-QUAD02-C03,  81780.566606,  -11794.691524,  1628.447079
S17-B10-QUAD02-C02,  81802.451706,  -11673.841634,  1628.447837
S18-B02-QUAD02-C04-LONG,  79086.032252,  -22481.865566,  1628.454068
S18-B02-QUAD02-C03-LONG,  79366.499035,  -22547.172230,  1628.508038
S18-B02-QUAD02-C02-LONG,  79417.237981,  -22327.610785,  1628.482883
S18-B02-QUAD02-C01-LONG,  79136.794145,  -22262.235027,  1628.486426
S18-B02-QUAD01-C04,  79263.225901,  -21714.469337,  1628.482414
S18-B02-QUAD01-C03,  79543.787203,  -21779.285558,  1628.499844
S18-B02-QUAD01-C02,  79557.764061,  -21718.762728,  1628.495226
S18-B02-QUAD01-C01,  79277.169219,  -21654.060746,  1628.484960
S18-B10-QUAD01-C01-LONG,  74335.424318,  -35504.132777,  1628.486717
S18-B10-QUAD01-C02-LONG,  74589.200706,  -35640.255685,  1628.478227
S18-B10-QUAD01-C03-LONG,  74530.978947,  -35748.545037,  1628.482935
S18-B10-QUAD01-C04-LONG,  74277.315931,  -35612.223188,  1628.484138
S18-B10-QUAD02-C01,  73937.652002,  -36244.559452,  1628.479759
S18-B10-QUAD02-C02,  74191.353176,  -36380.837344,  1628.476357
S18-B10-QUAD02-C03,  74133.072380,  -36489.224110,  1628.478323
S18-B10-QUAD02-C04,  73879.408065,  -36352.918631,  1628.466172
S18-B11-B1-C02-LONG,  73387.936711,  -37701.894682,  1628.516816
S18-B11-B1-C01-LONG,  73425.013692,  -37636.481687,  1628.464281
S18-B11-QUAD01-C01,  72855.236460,  -38186.036564,  1628.492660
S18-B11-QUAD01-C02,  73102.051963,  -38334.382224,  1628.501366
S18-B11-QUAD01-C03,  73070.133569,  -38387.532781,  1628.516253
S18-B11-QUAD01-C04,  72823.285610,  -38239.241597,  1628.496031
S18-B07-BC-C04,  76269.671898,  -31272.476457,  1751.471363
S18-B07-BC-C01,  76587.522121,  -30485.789939,  1751.471760
S18-B07-BC-C03,  76562.662021,  -31390.915556,  1751.484959
S18-B07-BC-C02,  76880.481912,  -30604.194372,  1751.509319
S18-B08-QUAD01-C01-LONG,  75933.612470,  -32167.957084,  1628.486409
S18-B08-QUAD01-C04-LONG,  75883.322618,  -32280.042813,  1628.497667
S18-B08-QUAD01-C02-LONG,  76196.431090,  -32285.654866,  1628.474196
S18-B08-QUAD01-C03-LONG,  76146.068868,  -32397.894454,  1628.486170
S18-B08-QUAD02-C01,  75589.671778,  -32935.130244,  1628.487279
S18-B08-QUAD02-C04,  75539.319712,  -33047.344010,  1628.494621
S18-B08-QUAD02-C02,  75852.358094,  -33053.153769,  1628.469909
S18-B08-QUAD02-C03,  75802.061608,  -33165.251488,  1628.457965
S18-B09-B2-C01,  75208.582894,  -34288.615130,  1628.523178
S18-B09-B2-C02,  75060.577582,  -34589.449825,  1628.548663
S18-B09-B2-LVL03,  74971.712486,  -34762.216456,  1628.509326
S18-B09-B2-LVL02,  74871.816162,  -34320.596605,  1628.507113
S18-B09-B2-LVL01,  75277.697009,  -34141.660730,  1628.526220
S19-B01-QUAD01-C01-LONG,  72507.095080,  -38765.499468,  1628.499230
S19-B01-QUAD01-C02-LONG,  72753.939654,  -38913.790189,  1628.479196
S19-B01-QUAD01-C03-LONG,  72637.873009,  -39106.908408,  1628.492636
S19-B01-QUAD01-C04-LONG,  72391.030168,  -38958.570765,  1628.490496
S19-B01-QUAD02-C01,  72101.666850,  -39440.287964,  1628.493640
S19-B01-QUAD02-C02,  72348.456469,  -39588.669749,  1628.464868
S19-B01-QUAD02-C03,  72316.474266,  -39641.825840,  1628.469118
S19-B01-QUAD02-C04,  72069.738972,  -39493.399925,  1628.488758
S19-B09-B2-C02,  60697.995298,  -56091.640523,  1628.486772
S19-B09-B2-C01,  60931.894343,  -55851.102557,  1628.494815
S19-B09-B2-LVL01,  61098.375353,  -55673.171326,  1628.499797
S19-B09-B2-LVL03,  60541.222489,  -56246.924513,  1628.479432
S19-B09-B2-LVL02,  60603.780931,  -55775.271108,  1628.510792
S19-B10-QUAD01-C01-LONG,  59725.827306,  -56737.279784,  1628.500629
S19-B10-QUAD01-C02-LONG,  59924.912654,  -56945.336982,  1628.484856
S19-B10-QUAD01-C03-LONG,  59836.273756,  -57030.159966,  1628.486462
S19-B10-QUAD01-C04-LONG,  59637.216532,  -56822.072162,  1628.493640
S19-B10-QUAD02-C04,  59030.171083,  -57403.318096,  1628.491510
S19-B10-QUAD02-C03,  59229.270092,  -57611.366212,  1628.476791
S19-B10-QUAD02-C02,  59318.085539,  -57526.372702,  1628.470778
S19-B10-QUAD02-C01,  59118.798406,  -57318.504720,  1628.490098
S19-B11-B1-C02-LONG,  58145.515715,  -58534.436234,  1628.450875
S19-B11-B1-C01-LONG,  58200.860211,  -58484.082765,  1628.413211
S19-B11-QUAD01-C03,  57631.758382,  -59088.317553,  1628.469292
S19-B11-QUAD01-C02,  57678.630455,  -59047.600739,  1628.473751
S19-B11-QUAD01-C04,  57442.896577,  -58870.968644,  1628.475977
S19-B11-QUAD01-C01,  57489.633805,  -58830.327603,  1628.475983
S19-B04-QUAD01-C01,  66782.146152,  -48164.781600,  1628.499945
S19-B04-QUAD01-C02,  67021.603420,  -48324.771220,  1628.482569
S19-B04-QUAD01-C03,  66953.243988,  -48427.018016,  1628.488271
S19-B04-QUAD01-C04,  66713.878479,  -48266.901871,  1628.477901
S19-B04-QUAD02-C01-LONG,  66314.896108,  -48863.943512,  1628.498476
S19-B04-QUAD02-C02-LONG,  66554.268572,  -49024.053498,  1628.493789
S19-B04-QUAD02-C03-LONG,  66485.968460,  -49126.182632,  1628.530853
S19-B04-QUAD02-C04-LONG,  66246.605237,  -48966.055552,  1628.503406
S19-B05-B2-C01,  65779.538452,  -50035.738260,  1628.528129
S19-B05-B2-C02,  65583.338715,  -50307.747741,  1628.517848
S19-B05-B2-LVL03,  65498.575677,  -50421.216685,  1628.516562
S19-B05-B2-LVL01,  65893.856126,  -49870.954545,  1628.517085
S19-B05-B2-LVL02,  65468.090275,  -49975.055633,  1628.481249
S19-B06-QUAD01-C02,  64869.989813,  -51359.259863,  1628.478852
S19-B06-QUAD01-C01,  64642.573404,  -51182.592302,  1628.497131
S19-B06-QUAD01-C03,  64794.562061,  -51456.250383,  1628.510421
S19-B06-QUAD01-C04,  64567.203588,  -51279.517244,  1628.484437
S19-B06-QUAD02-C01-LONG,  64126.769006,  -51846.402031,  1628.516153
S19-B06-QUAD02-C02-LONG,  64354.142658,  -52023.137460,  1628.487765
S19-B06-QUAD02-C03-LONG,  64278.603744,  -52120.254178,  1628.490257
S19-B06-QUAD02-C04-LONG,  64051.267871,  -51943.474635,  1628.499730
S19-B02-QUAD02-C03-LONG,  68514.750581,  -45968.937122,  1628.481834
S19-B02-QUAD01-C02,  68952.353251,  -45240.698069,  1628.458665
S19-B02-QUAD01-C01,  68705.475159,  -45092.426422,  1628.482571
S19-B02-QUAD02-C02-LONG,  68630.798562,  -45775.813609,  1628.454545
S19-B02-QUAD02-C01-LONG,  68383.980663,  -45627.512127,  1628.489017
S19-B02-QUAD02-C04-LONG,  68267.918250,  -45820.620376,  1628.482327
S19-B02-QUAD01-C03,  68920.621250,  -45293.488668,  1628.471061
S19-B02-QUAD01-C04,  68673.763134,  -45145.179399,  1628.468790
S19-B03-B1-C01-LONG,  67742.635549,  -47098.113774,  1628.507020
S19-B03-QUAD01-C02,  68198.248235,  -46495.688726,  1628.461038
S19-B03-QUAD01-C01,  67951.443824,  -46347.401893,  1628.480344
S19-B03-QUAD01-C03,  68166.281874,  -46548.905444,  1628.477231
S19-B03-QUAD01-C04,  67919.456192,  -46400.565450,  1628.465228
S19-B03-B1-C02-LONG,  67702.560632,  -47161.271524,  1628.509911
S20-B01-QUAD02-C03,  56526.524621,  -60049.015751,  1628.496866
S20-B01-QUAD02-C04,  56337.675197,  -59831.718597,  1628.488564
S20-B01-QUAD02-C02,  56573.382600,  -60008.378918,  1628.469385
S20-B01-QUAD02-C01,  56384.450645,  -59791.063327,  1628.482623
S20-B01-QUAD01-C01-LONG,  56979.296889,  -59273.966989,  1628.504204
S20-B01-QUAD01-C04-LONG,  56809.085187,  -59421.906570,  1628.494645
S20-B01-QUAD01-C03-LONG,  56997.975406,  -59639.243202,  1628.514863
S20-B01-QUAD01-C02-LONG,  57168.082633,  -59491.412788,  1628.488824
S06-B10-QUAD01-C02-LONG,  -81292.737652,  -15008.742570,  1628.478291
S06-B10-QUAD01-C03-LONG,  -81309.301728,  -14887.125324,  1628.483540
S06-B10-QUAD01-C01-LONG,  -81007.405231,  -14969.810236,  1628.486390
S06-B10-QUAD01-C04-LONG,  -81023.949827,  -14848.322809,  1628.493150
S06-B10-QUAD02-C02,  -81406.164799,  -14175.734873,  1628.481191
S06-B10-QUAD02-C03,  -81422.728980,  -14053.972662,  1628.492396
S06-B10-QUAD02-C04,  -81137.365049,  -14015.165924,  1628.495283
S06-B10-QUAD02-C01,  -81120.801383,  -14136.983005,  1628.489660
S07-B01-QUAD01-C01-LONG,  -81445.248379,  -11256.601840,  1628.487757
S07-B01-QUAD01-C02-LONG,  -81732.103479,  -11281.904698,  1628.476223
S07-B01-QUAD01-C03-LONG,  -81751.767820,  -11057.233475,  1628.500611
S07-B01-QUAD01-C04-LONG,  -81464.899331,  -11032.100370,  1628.473430
S07-B01-QUAD02-C01,  -81513.899555,  -10472.319378,  1628.517294
S07-B01-QUAD02-C02,  -81800.794938,  -10497.085132,  1628.509023
S07-B01-QUAD02-C03,  -81806.198404,  -10435.262600,  1628.509553
S07-B01-QUAD02-C04,  -81519.295696,  -10410.651066,  1628.505845
S08-B10-QUAD01-C01-LONG,  -74335.508684,  35503.939643,  1628.475159
S08-B10-QUAD01-C02-LONG,  -74589.103087,  35640.328752,  1628.480584
S08-B10-QUAD01-C03-LONG,  -74530.942429,  35748.571963,  1628.485344
S08-B10-QUAD01-C04-LONG,  -74277.350205,  35612.170607,  1628.460728
S08-B10-QUAD02-C01,  -73937.598483,  36244.589374,  1628.464388
S08-B10-QUAD02-C02,  -74191.319091,  36380.760655,  1628.475823
S08-B10-QUAD02-C03,  -74133.139788,  36489.123805,  1628.485302
S08-B10-QUAD02-C04,  -73879.436778,  36352.892051,  1628.445606
S08-B11-B1-C01-LONG,  -73425.241616,  37636.589747,  1628.752671
S08-B11-B1-C02-LONG,  -73387.911516,  37701.911578,  1628.712114
S08-B11-QUAD01-C01,  -72855.533689,  38185.560105,  1628.517252
S08-B11-QUAD01-C02,  -73102.352701,  38333.843276,  1628.491840
S08-B11-QUAD01-C03,  -73070.419114,  38386.997513,  1628.489020
S08-B11-QUAD01-C04,  -72823.618158,  38238.691778,  1628.493995
S09-B01-QUAD01-C01-LONG,  -72506.410293,  38766.532012,  1628.472357
S09-B01-QUAD01-C02-LONG,  -72753.224135,  38914.850477,  1628.505406
S09-B01-QUAD01-C03-LONG,  -72689.916569,  39020.201183,  1628.510933
S09-B01-QUAD01-C04-LONG,  -72443.114422,  38871.866808,  1628.466355
S09-B02-QUAD01-C04-LONG,  -68268.498804,  45819.664312,  1628.475294
S09-B02-QUAD01-C01-LONG,  -68331.801865,  45714.301729,  1628.501322
S09-B02-QUAD01-C02-LONG,  -68578.604513,  45862.691789,  1628.480443
S09-B02-QUAD01-C03-LONG,  -68515.377747,  45967.919979,  1628.476760
S09-B10-QUAD01-C01-LONG,  -59725.730905,  56737.387802,  1628.480700
S09-B10-QUAD01-C02-LONG,  -59924.952931,  56945.325679,  1628.467221
S09-B10-QUAD01-C03-LONG,  -59836.316017,  57030.158378,  1628.485183
S09-B10-QUAD01-C04-LONG,  -59637.157844,  56822.165067,  1628.453129
S09-B10-QUAD02-C01,  -59118.653525,  57318.600721,  1628.478702
S09-B10-QUAD02-C02,  -59317.916342,  57526.528722,  1628.475150
S09-B10-QUAD02-C03,  -59228.974211,  57611.640162,  1628.470815
S09-B10-QUAD02-C04,  -59029.805959,  57403.639162,  1628.451669
S11-B10-QUAD01-C01-LONG,  -14970.010423,  81007.352275,  1628.484894
S11-B10-QUAD01-C02-LONG,  -15008.850134,  81292.698430,  1628.481391
S11-B10-QUAD01-C03-LONG,  -14886.991315,  81309.264904,  1628.489633
S11-B10-QUAD01-C04-LONG,  -14848.192932,  81023.912956,  1628.475181
S11-B10-QUAD02-C01,  -14136.710506,  81120.855455,  1628.487968
S11-B10-QUAD02-C02,  -14175.621895,  81406.191745,  1628.474200
S11-B10-QUAD02-C03,  -14053.800951,  81422.761453,  1628.479824
S11-B10-QUAD02-C04,  -14015.050962,  81137.417036,  1628.472791
S11-B11-B1-C02-LONG,  -12634.795387,  81532.979669,  1628.494162
S11-B11-B1-C01-LONG,  -12709.627866,  81524.627161,  1628.482245
S11-B11-QUAD01-C01,  -11930.501557,  81386.295844,  1628.475547
S11-B11-QUAD01-C02,  -11955.639297,  81673.158848,  1628.475372
S11-B11-QUAD01-C03,  -11893.738798,  81678.554289,  1628.484542
S11-B11-QUAD01-C04,  -11868.724699,  81391.697758,  1628.475418
S12-B01-QUAD01-C01-LONG,  -11256.701190,  81445.272456,  1628.483614
S12-B01-QUAD01-C02-LONG,  -11281.798712,  81732.141349,  1628.460227
S12-B01-QUAD01-C03-LONG,  -11057.291069,  81751.778084,  1628.481200
S12-B01-QUAD01-C04-LONG,  -11032.225695,  81464.916334,  1628.463430
S12-B01-QUAD02-C01,  -10472.016539,  81513.896899,  1628.492231
S12-B01-QUAD02-C02,  -10497.148669,  81800.770191,  1628.489194
S12-B01-QUAD02-C03,  -10435.300164,  81806.158062,  1628.490618
S12-B01-QUAD02-C04,  -10410.228419,  81519.314848,  1628.496907
S13-B10-QUAD01-C01-LONG,  35503.994114,  74335.468844,  1628.493384
S13-B10-QUAD01-C02-LONG,  35640.222391,  74589.187399,  1628.474163
S13-B10-QUAD01-C03-LONG,  35748.449570,  74531.009808,  1628.489157
S13-B10-QUAD01-C04-LONG,  35612.262630,  74277.275061,  1628.480995
S13-B10-QUAD02-C01,  36244.467996,  73937.691678,  1628.485861
S13-B10-QUAD02-C02,  36380.898364,  74191.282588,  1628.483590
S13-B10-QUAD02-C03,  36488.939195,  74133.221379,  1628.490126
S13-B10-QUAD02-C04,  36352.728635,  73879.518095,  1628.465267
S13-B11-B1-C02-LONG,  37702.033819,  73387.955471,  1628.592182
S13-B11-B1-C01-LONG,  37636.568683,  73425.366234,  1628.591788
S13-B11-QUAD01-C04,  38238.929042,  72823.501226,  1628.474782
S13-B11-QUAD01-C02,  38334.077310,  73102.291549,  1628.476698
S13-B11-QUAD01-C03,  38387.276962,  73070.305913,  1628.473950
S13-B11-QUAD01-C01,  38185.845610,  72855.406077,  1628.478157
S14-B01-QUAD01-C01-LONG,  38765.366872,  72507.198369,  1628.489988
S14-B01-QUAD01-C02-LONG,  38913.960757,  72753.865792,  1628.463442
S14-B01-QUAD01-C03-LONG,  39106.979848,  72637.844446,  1628.468990
S14-B01-QUAD01-C04-LONG,  38958.595582,  72391.047414,  1628.460529
S14-B01-QUAD02-C01,  39440.443511,  72101.570967,  1628.481867
S14-B01-QUAD02-C02,  39588.709429,  72348.439150,  1628.476555
S14-B01-QUAD02-C03,  39641.918196,  72316.420375,  1628.485376
S14-B01-QUAD02-C04,  39493.563684,  72069.627252,  1628.476272
S15-B10-QUAD01-C01-LONG,  72416.599245,  39269.976277,  1628.493010
S15-B10-QUAD01-C02-LONG,  72676.018356,  39395.009148,  1628.479266
S15-B10-QUAD01-C03-LONG,  72729.340139,  39284.385893,  1628.502091
S15-B10-QUAD01-C04-LONG,  72469.948612,  39159.309178,  1628.475463
S15-B10-QUAD02-C01,  72781.915216,  38512.833695,  1628.464884
S15-B10-QUAD02-C02,  73041.304843,  38637.884306,  1628.463910
S15-B10-QUAD02-C03,  73094.605947,  38527.304717,  1628.478596
S15-B10-QUAD02-C04,  72835.252982,  38402.199703,  1628.454234
S15-B11-QUAD01-C04,  73740.582446,  36439.010471,  1628.461919
S15-B11-QUAD01-C03,  74005.648496,  36551.498257,  1628.481976
S15-B11-QUAD01-C02,  73981.418682,  36608.646644,  1628.490146
S15-B11-QUAD01-C01,  73716.351635,  36496.110033,  1628.480234
S15-B11-B1-C01-LONG,  73606.811148,  37279.850825,  1628.649400
S15-B11-B1-C02-LONG,  73637.730274,  37211.486587,  1628.634738
S16-B01-QUAD01-C01-LONG,  73980.574527,  35873.660375,  1628.486848
S16-B01-QUAD01-C02-LONG,  74245.677330,  35986.142285,  1628.476832
S16-B01-QUAD01-C03-LONG,  74333.635942,  35778.873827,  1628.469366
S16-B01-QUAD01-C04-LONG,  74068.560678,  35666.344218,  1628.460446
S16-B01-QUAD02-C01,  74288.378630,  35148.485526,  1628.477410
S16-B01-QUAD02-C02,  74553.479630,  35260.965696,  1628.480239
S16-B01-QUAD02-C03,  74577.694779,  35203.837707,  1628.471367
S16-B01-QUAD02-C04,  74312.628373,  35091.356180,  1628.466754
S18-B04-QUAD01-C01,  78397.258032,  -25170.939212,  1628.484885
S18-B04-QUAD01-C04,  78363.889434,  -25289.117059,  1628.473524
S18-B04-QUAD01-C02,  78674.446529,  -25249.035580,  1628.457447
S18-B04-QUAD01-C03,  78641.063985,  -25367.300666,  1628.486154
S18-B04-QUAD02-C01-LONG,  78168.992902,  -25979.980490,  1628.489334
S18-B04-QUAD02-C04-LONG,  78135.574614,  -26098.332596,  1628.482853
S18-B04-QUAD02-C03-LONG,  78412.745208,  -26176.545032,  1628.495360
S18-B04-QUAD02-C02-LONG,  78446.156404,  -26058.213777,  1628.468121
S18-B05-B2-LVL03,  77786.553589,  -27965.281313,  1628.494603
S18-B05-B2-C02,  77919.427557,  -27579.024472,  1628.493663
S18-B05-B2-LVL02,  77701.053588,  -27316.603329,  1628.507127
S18-B05-B2-C01,  78021.889532,  -27259.992014,  1628.498990
S18-B05-B2-LVL01,  78138.514407,  -26868.826220,  1628.506678
S18-B06-QUAD02-C04-LONG,  76967.817664,  -29608.034336,  1628.459202
S18-B06-QUAD02-C01-LONG,  77009.516568,  -29492.663649,  1628.465472
S18-B06-QUAD02-C02-LONG,  77280.438860,  -29590.290313,  1628.443453
S18-B06-QUAD02-C03-LONG,  77238.685062,  -29705.819161,  1628.542732
S18-B06-QUAD01-C03,  77524.092482,  -28915.456646,  1628.464105
S18-B06-QUAD01-C02,  77565.783584,  -28800.049473,  1628.456322
S18-B06-QUAD01-C01,  77294.901344,  -28702.313661,  1628.501518
S18-B06-QUAD01-C04,  77253.240154,  -28817.637183,  1628.482147
S02-B04-QUAD01-C01,  287.307167,  -82338.462749,  1628.480623
S02-B04-QUAD01-C04,  164.533733,  -82343.242813,  1628.477471
S02-B04-QUAD01-C03,  175.765690,  -82630.996880,  1628.501850
S02-B04-QUAD01-C02,  298.485497,  -82626.226964,  1628.479094
S02-B04-QUAD02-C02-LONG,  -541.707376,  -82659.121456,  1628.487378
S02-B04-QUAD02-C03-LONG,  -664.493790,  -82663.904656,  1628.491085
S02-B04-QUAD02-C04-LONG,  -675.757665,  -82376.146845,  1628.454777
S02-B04-QUAD02-C01-LONG,  -552.960881,  -82371.363328,  1628.474388
S02-B05-B2-LVL01,  -1407.402339,  -82617.262667,  1628.493429
S02-B05-B2-C01,  -1815.547350,  -82627.041361,  1628.515248
S02-B05-B2-LVL02,  -1962.311654,  -82339.435370,  1628.497395
S02-B05-B2-C02,  -2150.898328,  -82628.174980,  1628.502226
S02-B05-B2-LVL03,  -2559.476643,  -82621.281064,  1628.514219
S02-B06-QUAD01-C01,  -3411.596188,  -82381.297068,  1628.482373
S02-B06-QUAD01-C04,  -3534.418972,  -82377.290479,  1628.470113
S02-B06-QUAD01-C03,  -3543.825081,  -82665.110056,  1628.496995
S02-B06-QUAD01-C02,  -3420.907823,  -82669.119086,  1628.474158
S02-B06-QUAD02-C01-LONG,  -4251.889494,  -82354.119089,  1628.502303
S02-B06-QUAD02-C04-LONG,  -4374.676969,  -82350.111779,  1628.492540
S02-B06-QUAD02-C03-LONG,  -4384.045462,  -82637.953786,  1628.521152
S02-B06-QUAD02-C02-LONG,  -4261.211414,  -82641.952869,  1628.501052
S06-B04-QUAD01-C02,  -78489.894184,  -25816.830135,  1628.511027
S06-B04-QUAD01-C01,  -78219.783872,  -25717.102570,  1628.514971
S06-B04-QUAD01-C04,  -78262.309588,  -25601.812897,  1628.491997
S06-B04-QUAD01-C03,  -78532.474432,  -25701.548166,  1628.526829
S06-B04-QUAD02-C03-LONG,  -78823.458548,  -24912.591365,  1628.469401
S06-B04-QUAD02-C02-LONG,  -78780.990246,  -25027.709649,  1628.469306
S06-B04-QUAD02-C01-LONG,  -78510.814105,  -24928.105548,  1628.499640
S06-B04-QUAD02-C04-LONG,  -78553.285593,  -24812.973338,  1628.479514
S06-B05-B2-C01,  -79144.012987,  -23806.471436,  1628.515812
S06-B05-B2-C02,  -79248.742225,  -23487.950276,  1628.512045
S06-B05-B2-LVL02,  -78921.378612,  -23561.278297,  1628.511467
S06-B05-B2-LVL01,  -79008.610285,  -24191.574848,  1628.519406
S06-B05-B2-LVL03,  -79368.158412,  -23097.922958,  1628.508892
S06-B06-QUAD01-C01,  -79403.574908,  -22212.403348,  1628.520850
S06-B06-QUAD01-C02,  -79680.165470,  -22292.473353,  1628.483978
S06-B06-QUAD01-C03,  -79714.302712,  -22174.664544,  1628.496045
S06-B06-QUAD01-C04,  -79437.712075,  -22094.524945,  1628.502898
S06-B06-QUAD02-C04-LONG,  -79671.503858,  -21287.143869,  1628.495102
S06-B06-QUAD02-C01-LONG,  -79637.375486,  -21405.005543,  1628.491414
S06-B06-QUAD02-C02-LONG,  -79913.969243,  -21485.033066,  1628.493609
S06-B06-QUAD02-C03-LONG,  -79948.131756,  -21367.158464,  1628.501780
S08-B04-QUAD01-C01,  -78397.299472,  25170.732059,  1628.491105
S08-B04-QUAD01-C04,  -78363.912508,  25289.084600,  1628.467204
S08-B04-QUAD01-C03,  -78641.072652,  25367.263255,  1628.480866
S08-B04-QUAD01-C02,  -78674.490860,  25248.802844,  1628.465922
S08-B04-QUAD02-C01-LONG,  -78169.005902,  25979.952061,  1628.499574
S08-B04-QUAD02-C04-LONG,  -78135.593861,  26098.288951,  1628.447456
S08-B04-QUAD02-C03-LONG,  -78412.669451,  26176.698679,  1628.470940
S08-B04-QUAD02-C02-LONG,  -78446.060826,  26058.444902,  1628.559952
S09-B04-QUAD01-C01,  -66781.979045,  48165.029612,  1628.489541
S09-B04-QUAD01-C04,  -66713.817776,  48266.967233,  1628.465244
S09-B04-QUAD01-C03,  -66953.222653,  48427.010440,  1628.474186
S09-B04-QUAD01-C02,  -67021.422650,  48325.026075,  1628.466751
S09-B04-QUAD02-C01-LONG,  -66314.985385,  48863.800467,  1628.479453
S09-B04-QUAD02-C04-LONG,  -66246.526641,  48966.155818,  1628.467550
S09-B04-QUAD02-C03-LONG,  -66485.851137,  49126.339787,  1628.480876
S09-B04-QUAD02-C02-LONG,  -66554.270329,  49024.031973,  1628.467120
S09-B06-QUAD01-C04,  -64567.210132,  51279.504990,  1628.439266
S09-B06-QUAD01-C01,  -64642.519830,  51182.647998,  1628.451297
S09-B06-QUAD01-C02,  -64869.999305,  51359.225098,  1628.464578
S09-B06-QUAD01-C03,  -64794.546312,  51456.268471,  1628.477487
S09-B06-QUAD02-C04-LONG,  -64051.360659,  51943.353617,  1628.481234
S09-B06-QUAD02-C01-LONG,  -64126.720425,  51846.412442,  1628.486149
S09-B06-QUAD02-C02-LONG,  -64354.049983,  52023.199863,  1628.466919
S09-B06-QUAD02-C03-LONG,  -64278.552038,  52120.320953,  1628.483169
S11-B04-QUAD01-C01,  -25717.254525,  78219.734501,  1628.484870
S11-B04-QUAD01-C04,  -25601.867587,  78262.270620,  1628.473131
S11-B04-QUAD01-C03,  -25701.486669,  78532.459872,  1628.491798
S11-B04-QUAD01-C02,  -25816.889716,  78489.930478,  1628.463672
S11-B04-QUAD02-C01-LONG,  -24928.324730,  78510.713747,  1628.524918
S11-B04-QUAD02-C04-LONG,  -24813.077105,  78553.149774,  1628.487060
S11-B04-QUAD02-C03-LONG,  -24912.657932,  78823.371245,  1628.499367
S11-B04-QUAD02-C02-LONG,  -25027.933500,  78780.896768,  1628.475638
S11-B06-QUAD02-C01-LONG,  -21405.031630,  79637.370265,  1628.498473
S11-B06-QUAD02-C04-LONG,  -21287.011223,  79671.506013,  1628.478112
S11-B06-QUAD02-C03-LONG,  -21367.089398,  79948.129377,  1628.496271
S11-B06-QUAD02-C02-LONG,  -21485.112705,  79913.992011,  1628.474045
S11-B06-QUAD01-C01,  -22212.216402,  79403.607502,  1628.475992
S11-B06-QUAD01-C04,  -22094.416779,  79437.701657,  1628.459709
S11-B06-QUAD01-C03,  -22174.530531,  79714.316509,  1628.478148
S11-B06-QUAD01-C02,  -22292.310223,  79680.232325,  1628.468614
S13-B04-QUAD01-C01,  25171.066067,  78397.204134,  1628.496612
S13-B04-QUAD01-C04,  25289.221297,  78363.844267,  1628.476037
S13-B04-QUAD01-C03,  25367.410193,  78641.018302,  1628.499193
S13-B04-QUAD01-C02,  25249.246407,  78674.380838,  1628.480763
S13-B04-QUAD02-C01-LONG,  25980.058093,  78168.965262,  1628.476795
S13-B04-QUAD02-C04-LONG,  26098.320332,  78135.570444,  1628.471369
S13-B04-QUAD02-C03-LONG,  26176.523931,  78412.730334,  1628.500541
S13-B04-QUAD02-C02-LONG,  26058.214434,  78446.131018,  1628.477330
S13-B05-B2-LVL02,  27307.636650,  77703.994506,  1628.481170
S13-B05-B2-LVL03,  27965.182629,  77786.694867,  1628.493919
S13-B05-B2-C02,  27579.262959,  77919.360595,  1628.487696
S13-B05-B2-C01,  27259.757684,  78021.978553,  1628.481671
S13-B05-B2-LVL01,  26868.885167,  78138.744285,  1628.484396
S13-B06-QUAD01-C02,  28799.660984,  77565.901428,  1628.472208
S13-B06-QUAD01-C01,  28701.743222,  77295.077224,  1628.483377
S13-B06-QUAD01-C04,  28817.376486,  77253.294978,  1628.479078
S13-B06-QUAD01-C03,  28915.298929,  77524.111641,  1628.493056
S13-B06-QUAD02-C01-LONG,  29492.632325,  77009.537071,  1628.490141
S13-B06-QUAD02-C04-LONG,  29607.967732,  76967.848924,  1628.483944
S13-B06-QUAD02-C03-LONG,  29705.892291,  77238.660122,  1628.493284
S13-B06-QUAD02-C02-LONG,  29590.557812,  77280.352781,  1628.478474
S15-B04-QUAD01-C01,  66444.567287,  48629.474587,  1628.487971
S15-B04-QUAD01-C04,  66520.539724,  48533.031670,  1628.487174
S15-B04-QUAD01-C03,  66746.657815,  48711.365890,  1628.506032
S15-B04-QUAD01-C02,  66670.575203,  48807.958858,  1628.478491
S15-B04-QUAD02-C02-LONG,  67190.999201,  48147.648171,  1628.475729
S15-B04-QUAD02-C03-LONG,  67267.089458,  48051.076314,  1628.489828
S15-B04-QUAD02-C04-LONG,  67040.907994,  47872.824252,  1628.476585
S15-B04-QUAD02-C01-LONG,  66964.880983,  47969.312160,  1628.484527
S15-B05-B2-C02,  68111.896047,  46827.488455,  1628.486436
S15-B05-B2-LVL02,  67776.109191,  46798.417210,  1628.476078
S15-B05-B2-C01,  67913.769526,  47098.200893,  1628.487246
S15-B05-B2-LVL03,  68345.935827,  46493.817758,  1628.496024
S15-B05-B2-LVL01,  67666.398609,  47422.001857,  1628.500602
S15-B06-QUAD01-C01,  68652.730003,  45663.157110,  1628.507733
S15-B06-QUAD01-C04,  68721.645899,  45561.450944,  1628.498689
S15-B06-QUAD01-C03,  68960.015691,  45723.036672,  1628.487715
S15-B06-QUAD01-C02,  68891.130614,  45824.720286,  1628.483082
S15-B06-QUAD02-C02-LONG,  69363.424506,  45128.394215,  1628.477461
S15-B06-QUAD02-C03-LONG,  69432.405401,  45026.625568,  1628.486411
S15-B06-QUAD02-C04-LONG,  69194.034385,  44865.019720,  1628.488253
S15-B06-QUAD02-C01-LONG,  69125.114841,  44966.702856,  1628.506975
S07-B11-QUAD01-C04,  -81075.705809,  13863.738764,  1628.460171
S07-B11-QUAD01-C03,  -81356.267226,  13928.541994,  1628.488099
S07-B11-QUAD01-C02,  -81370.230249,  13868.053801,  1628.478541
S07-B11-QUAD01-C01,  -81089.674810,  13803.349720,  1628.490230
S07-B11-B1-C01-LONG,  -81461.618951,  13105.250199,  1628.481306
S07-B11-B1-C02-LONG,  -81446.539455,  13178.156221,  1628.504675
S07-B11-SEXT01-C04,  -81006.171516,  14165.142781,  1628.527462
S07-B11-SEXT01-C05,  -81286.768813,  14230.060921,  1628.573176
S09-B05-B2-C02,  -65583.343519,  50307.725600,  1628.485163
S09-B05-B2-LVL02,  -65457.792338,  49989.342903,  1628.499409
S09-B05-B2-C01,  -65779.532047,  50035.744259,  1628.517508
S09-B05-B2-LVL01,  -66011.227971,  49699.783654,  1628.479150
S09-B05-B2-LVL03,  -65338.017367,  50633.642034,  1628.502319
S17-B11-QUAD01-C04,  81075.865705,  -13863.213384,  1628.482618
S17-B11-QUAD01-C03,  81356.436666,  -13927.960327,  1628.513550
S17-B11-QUAD01-C02,  81370.365497,  -13867.581762,  1628.509039
S17-B11-QUAD01-C01,  81089.796430,  -13802.798721,  1628.480969
S17-B11-B1-C02-LONG,  81446.460005,  -13178.471992,  1628.579064
S17-B11-B1-C01-LONG,  81461.652824,  -13104.932636,  1628.566256
