P01-QUAD01	35362.29605	-70616.8734	1605	0	0	2035.05397
P02-QUAD01	26232.81265	-74492.10918	1605	0	0	1909.390342
P03-QUAD01	16689.6222	-77192.5599	1605	0	0	1783.726431
P04-QUAD01	6883.2264	-78675.6378	1605	0	0	1658.062875
P05-QUAD01	-3031.722	-78917.9539	1605	0	0	1532.399036
P06-QUAD01	-12898.8583	-77915.68678	1605	0	0	1406.735636
P07-QUAD01	-22562.57195	-75684.64268	1605	0	0	1281.071618
P08-QUAD01	-31870.4603	-72260.00655	1605	0	0	1155.408119
P09-QUAD01	-40675.73248	-67695.787	1605	0	0	1029.744113
P10-QUAD01	-48839.52405	-62063.9644	1605	0	0	904.080605
P11-QUAD01	-56233.08718	-55453.35603	1605	0	0	778.417315
P12-QUAD01	-62739.8209	-47968.21513	1605	0	0	652.753472
P13-QUAD01	-68257.1102	-39726.58675	1605	0	0	527.089419
P14-QUAD01	-72697.94405	-30858.44645	1605	0	0	401.425672
P15-QUAD01	-75992.28795	-21503.64998	1605	0	0	275.762353
P16-QUAD01	-78088.18803	-11809.7281	1605	0	0	150.098419
P17-QUAD01	-78952.59075	-1929.55975	1605	0	0	24.434471
P18-QUAD01	-78571.86398	7981.0389	1605	0	0	-101.229123
P19-QUAD01	-76952.01195	17765.7718	1605	0	0	-226.892758
P20-QUAD01	-74118.58073	27270.32785	1605	0	0	-352.556482
P21-QUAD01	-70116.2552	36344.8146	1605	0	0	-478.220338
P23-QUAD01	-58874.83625	52640.17898	1605	0	0	-729.547849
P24-QUAD01	-51813.02675	59604.06905	1605	0	0	-855.211271
P25-QUAD01	-43934.09485	65627.96735	1605	0	0	-980.875025
P26-QUAD01	-35362.29605	70616.8734	1605	0	0	-1106.538684
P27-QUAD01	-26232.81265	74492.10918	1605	0	0	-1232.202312
P28-QUAD01	-16689.6222	77192.5599	1605	0	0	-1357.866223
P29-QUAD01	-6883.2264	78675.6378	1605	0	0	-1483.529779
P30-QUAD01	3031.722	78917.9539	1605	0	0	-1609.193618
P31-QUAD01	12898.8583	77915.68678	1605	0	0	-1734.857018
P32-QUAD01	22562.57195	75684.64268	1605	0	0	-1860.521035
P33-QUAD01	31870.4603	72260.00655	1605	0	0	-1986.184534
P34-QUAD01	40675.73248	67695.787	1605	0	0	-2111.84854
P35-QUAD01	48839.52405	62063.9644	1605	0	0	-2237.512049
P36-QUAD01	56233.08718	55453.35603	1605	0	0	-2363.175338
P37-QUAD01	62739.8209	47968.21513	1605	0	0	-2488.839181
P38-QUAD01	68257.1102	39726.58675	1605	0	0	-2614.503235
P39-QUAD01	72697.94405	30858.44645	1605	0	0	-2740.166982
P40-QUAD01	75992.28795	21503.64998	1605	0	0	-2865.8303
P41-QUAD01	78088.18803	11809.7281	1605	0	0	-2991.494235
P42-QUAD01	78952.59075	1929.55975	1605	0	0	-3117.158183
P43-QUAD01	78571.86398	-7981.0389	1605	0	0	3040.363531
P44-QUAD01	76952.01195	-17765.7718	1605	0	0	2914.699896
P45-QUAD01	74118.58073	-27270.32785	1605	0	0	2789.036172
P46-QUAD01	70116.2552	-36344.8146	1605	0	0	2663.372316
P47-QUAD01	65008.15445	-44846.12183	1605	0	0	2537.708801
P48-QUAD01	58874.83625	-52640.17898	1605	0	0	2412.044805
P49-QUAD01	51813.02675	-59604.06905	1605	0	0	2286.381382
P50-QUAD01	43934.09485	-65627.96735	1605	0	0	2160.717629
P22-QUAD01	-65008.15445	44846.12183	1605	0	0	-603.883853
P02-QUAD02	22373.18405	-75851.29898	1605	0	0	1909.390342
P04-QUAD02	2806.838325	-79032.27555	1605	0	0	1658.062875
P06-QUAD02	-16935.87133	-77247.3636	1605	0	0	1406.735636
P08-QUAD02	-35614.43795	-70608.71565	1605	0	0	1155.408119
P10-QUAD02	-52055.2184	-59533.4625	1605	0	0	904.080605
P12-QUAD02	-65225.17805	-44717.5029	1605	0	0	652.753472
P14-QUAD02	-74296.7999	-27091.77815	1605	0	0	401.425672
P16-QUAD02	-78700.08058	-7763.77735	1605	0	0	150.098419
P18-QUAD02	-78158.34575	12052.05018	1605	0	0	-101.229123
P20-QUAD02	-72705.6346	31110.60305	1605	0	0	-352.556482
P22-QUAD02	-62684.56105	48214.36225	1605	0	0	-603.883853
P24-QUAD02	-48724.78593	62288.63583	1605	0	0	-855.211271
P26-QUAD02	-31703.45335	72449.08533	1605	0	0	-1106.538684
P28-QUAD02	-12690.0762	78057.29233	1605	0	0	-1357.866223
P30-QUAD02	7120.665075	78760.87258	1605	0	0	-1609.193618
P32-QUAD02	26483.9888	74515.61753	1605	0	0	-1860.521035
P34-QUAD02	44183.2261	65588.2722	1605	0	0	-2111.84854
P36-QUAD02	59106.2688	52539.77453	1605	0	0	-2363.175338
P38-QUAD02	70315.44725	36190.00958	1605	0	0	-2614.503235
P40-QUAD02	77106.44763	17566.2932	1605	0	0	-2865.8303
P42-QUAD02	79052.56625	-2161.17795	1605	0	0	-3117.158183
P44-QUAD02	76031.5214	-21752.85435	1605	0	0	2914.699896
P46-QUAD02	68233.13645	-39977.71893	1605	0	0	2663.372316
P48-QUAD02	56147.4126	-55690.63635	1605	0	0	2412.044805
P50-QUAD02	40533.7403	-67904.3063	1605	0	0	2160.717629
P01-DIP	30908.4188	-72815.67163	1605	0	0	1972.221879
P02-DIP	21538.47313	-76115.35038	1605	0	0	1846.558589
P03-DIP	11828.85288	-78214.6446	1605	0	0	1720.894787
P06-DIP	-17794.5418	-77076.62855	1605	0	0	1343.903593
P04-DIP	1932.6845	-79080.44715	1605	0	0	1595.231027
P05-DIP	-7993.96345	-78699.10378	1605	0	0	1469.567368
P07-DIP	-27314.48963	-74238.60885	1605	0	0	1218.239556
P08-DIP	-36403.67163	-70229.80193	1605	0	0	1092.575808
P09-DIP	-44918.74598	-65113.42908	1605	0	0	966.912502
P10-DIP	-52725.42485	-58970.17858	1605	0	0	841.248615
P12-DIP	-65734.24575	-44005.242	1605	0	0	589.921293
P13-DIP	-70731.23083	-35419.56195	1605	0	0	464.257316
P15-DIP	-77317.56605	-16716.64945	1605	0	0	212.930067
P16-DIP	-78803.04568	-6894.37315	1605	0	0	87.266521
P17-DIP	-79045.7542	3036.631575	1605	0	0	-38.397083
P18-DIP	-78041.86398	12919.74678	1605	0	0	-164.061221
P21-DIP	-67805.41405	40741.60305	1605	0	0	-541.051859
P11-DIP	-59700.5923	-51896.93313	1605	0	0	715.585257
P14-DIP	-74612.7422	-26275.29428	1605	0	0	338.593824
P19-DIP	-75807.2069	22599.1099	1605	0	0	-289.724693
P20-DIP	-72377.0249	31922.07153	1605	0	0	-415.388436
P22-DIP	-62164.4712	48918.61515	1605	0	0	-666.715703
P23-DIP	-55543.15755	56324.15143	1605	0	0	-792.379701
P24-DIP	-48045.89518	62841.4222	1605	0	0	-918.043373
P25-DIP	-39790.92028	68367.6462	1605	0	0	-1043.706965
P27-DIP	-21538.47313	76115.35038	1605	0	0	-1295.034065
P26-DIP	-30908.4188	72815.67163	1605	0	0	-1169.370775
P28-DIP	-11828.85288	78214.6446	1605	0	0	-1420.697867
P29-DIP	-1932.6845	79080.44715	1605	0	0	-1546.361627
P30-DIP	7993.96345	78699.10378	1605	0	0	-1672.025285
P31-DIP	17794.5418	77076.62855	1605	0	0	-1797.68906
P32-DIP	27314.48963	74238.60885	1605	0	0	-1923.353097
P33-DIP	36403.67163	70229.80193	1605	0	0	-2049.016846
P34-DIP	44918.74598	65113.42908	1605	0	0	-2174.680152
P35-DIP	52725.42485	58970.17858	1605	0	0	-2300.344039
P36-DIP	59700.5923	51896.93313	1605	0	0	-2426.007396
P37-DIP	65734.24575	44005.242	1605	0	0	-2551.671361
P38-DIP	70731.23083	35419.56195	1605	0	0	-2677.335338
P39-DIP	74612.7422	26275.29428	1605	0	0	-2802.998829
P40-DIP	77317.56605	16716.64945	1605	0	0	-2928.662587
P41-DIP	78803.04568	6894.37315	1605	0	0	-3054.326133
P42-DIP	79045.7542	-3036.631575	1605	0	0	3103.195571
P43-DIP	78041.86398	-12919.74678	1605	0	0	2977.531433
P44-DIP	75807.2069	-22599.1099	1605	0	0	2851.867961
P45-DIP	72377.0249	-31922.07153	1605	0	0	2726.204218
P46-DIP	67805.41405	-40741.60305	1605	0	0	2600.540795
P47-DIP	62164.4712	-48918.61515	1605	0	0	2474.876951
P50-DIP	39790.92028	-68367.6462	1605	0	0	2097.885689
P48-DIP	55543.15755	-56324.15143	1605	0	0	2349.212952
P49-DIP	48045.89518	-62841.4222	1605	0	0	2223.549281
