P01-DIP-C01	31380.387800	-72478.994400	1605.000000
P01-DIP-C02	30338.376300	-72921.302100	1605.000000
P01-DIP-C03	30436.449800	-73152.348800	1605.000000
P01-DIP-C04	31478.461300	-72710.041200	1605.000000
P02-DIP-C01	22048.917300	-75840.481400	1605.000000
P02-DIP-C02	20959.686600	-76148.702600	1605.000000
P02-DIP-C03	21028.028900	-76390.219400	1605.000000
P02-DIP-C04	22117.259700	-76081.998100	1605.000000
P03-DIP-C01	12369.722300	-78005.918700	1605.000000
P03-DIP-C02	11250.450100	-78175.192700	1605.000000
P03-DIP-C03	11287.983400	-78423.370500	1605.000000
P03-DIP-C04	12407.255700	-78254.096500	1605.000000
P04-DIP-C01	2495.449300	-78941.156000	1605.000000
P04-DIP-C02	1363.787200	-78968.813200	1605.000000
P04-DIP-C03	1369.919700	-79219.738300	1605.000000
P04-DIP-C04	2501.581800	-79192.081100	1605.000000
P05-DIP-C01	-7418.178400	-78631.444100	1605.000000
P05-DIP-C02	-8544.383400	-78517.048400	1605.000000
P05-DIP-C03	-8569.748500	-78766.763400	1605.000000
P05-DIP-C04	-7443.543500	-78881.159200	1605.000000
P06-DIP-C01	-17214.817000	-77081.667400	1605.000000
P06-DIP-C02	-18317.803900	-76827.022800	1605.000000
P06-DIP-C03	-18374.266600	-77071.589700	1605.000000
P06-DIP-C04	-17271.279700	-77326.234300	1605.000000
P07-DIP-C01	-26739.967600	-74316.266800	1605.000000
P07-DIP-C02	-27802.341800	-73925.389200	1605.000000
P07-DIP-C03	-27889.011600	-74160.950900	1605.000000
P07-DIP-C04	-26826.637500	-74551.828500	1605.000000
P08-DIP-C01	-35843.413000	-70378.854200	1605.000000
P08-DIP-C02	-36848.420100	-69857.908000	1605.000000
P08-DIP-C03	-36963.930200	-70080.749700	1605.000000
P08-DIP-C04	-35958.923200	-70601.695800	1605.000000
P09-DIP-C01	-44381.586400	-65331.525000	1605.000000
P09-DIP-C02	-45313.376800	-64688.725900	1605.000000
P09-DIP-C03	-45455.905500	-64895.333100	1605.000000
P09-DIP-C04	-44524.115200	-65538.132300	1605.000000
P10-DIP-C01	-52219.835600	-59253.878700	1605.000000
P10-DIP-C02	-53063.714400	-58499.364000	1605.000000
P10-DIP-C03	-53231.014100	-58686.478400	1605.000000
P10-DIP-C04	-52387.135300	-59440.993200	1605.000000
P11-DIP-C01	-59234.546800	-52241.763300	1605.000000
P11-DIP-C02	-59977.205700	-51387.432100	1605.000000
P11-DIP-C03	-60166.637800	-51552.102900	1605.000000
P11-DIP-C04	-59423.978900	-52406.434200	1605.000000
P12-DIP-C01	-65315.093900	-44405.764100	1605.000000
P12-DIP-C02	-65944.820500	-43465.089700	1605.000000
P12-DIP-C03	-66153.397600	-43604.719900	1605.000000
P12-DIP-C04	-65523.671000	-44545.394300	1605.000000
P13-DIP-C01	-70365.582800	-35869.459500	1605.000000
P13-DIP-C02	-70872.446100	-34857.276900	1605.000000
P13-DIP-C03	-71096.878800	-34969.664400	1605.000000
P13-DIP-C04	-70590.015600	-35981.847000	1605.000000
P14-DIP-C01	-74306.364600	-26767.472100	1605.000000
P14-DIP-C02	-74682.371000	-25699.744000	1605.000000
P14-DIP-C03	-74919.119800	-25783.116500	1605.000000
P14-DIP-C04	-74543.113400	-26850.844500	1605.000000
P15-DIP-C01	-77075.290500	-17243.345600	1605.000000
P15-DIP-C02	-77314.510200	-16136.910800	1605.000000
P15-DIP-C03	-77559.841600	-16189.953300	1605.000000
P15-DIP-C04	-77320.621900	-17296.388100	1605.000000
P16-DIP-C01	-78628.693100	-7447.281300	1605.000000
P16-DIP-C02	-78727.353400	-6319.588900	1605.000000
P16-DIP-C03	-78977.398300	-6341.465000	1605.000000
P16-DIP-C04	-78878.737900	-7469.157400	1605.000000
P17-DIP-C01	-78942.074200	2466.231100	1605.000000
P17-DIP-C02	-78898.619200	3597.396700	1605.000000
P17-DIP-C03	-79149.434200	3607.032100	1605.000000
P17-DIP-C04	-79192.889200	2475.866400	1605.000000
P18-DIP-C01	-78010.491600	12340.849500	1605.000000
P18-DIP-C02	-77825.606700	13457.649200	1605.000000
P18-DIP-C03	-78073.236300	13498.644000	1605.000000
P18-DIP-C04	-78258.121300	12381.844400	1605.000000
P19-DIP-C01	-75848.637000	22020.845400	1605.000000
P19-DIP-C02	-75525.237800	23105.666600	1605.000000
P19-DIP-C03	-75765.776800	23177.374400	1605.000000
P19-DIP-C04	-76089.176000	22092.553200	1605.000000
P20-DIP-C01	-72490.604100	31353.559400	1605.000000
P20-DIP-C02	-72033.790800	32389.293800	1605.000000
P20-DIP-C03	-72263.445700	32490.583600	1605.000000
P20-DIP-C04	-72720.259000	31454.849300	1605.000000
P21-DIP-C01	-67989.351100	40191.809100	1605.000000
P21-DIP-C02	-67406.328000	41162.122500	1605.000000
P21-DIP-C03	-67621.477000	41291.397000	1605.000000
P21-DIP-C04	-68204.500100	40321.083600	1605.000000
P22-DIP-C01	-62415.865300	48396.209900	1605.000000
P22-DIP-C02	-61715.827000	49285.799900	1605.000000
P22-DIP-C03	-61913.077100	49441.020400	1605.000000
P22-DIP-C04	-62613.115400	48551.430400	1605.000000
P23-DIP-C01	-55858.044100	55837.373500	1605.000000
P23-DIP-C02	-55052.030600	56632.210800	1605.000000
P23-DIP-C03	-55228.271000	56810.929300	1605.000000
P23-DIP-C04	-56034.284500	56016.092100	1605.000000
P24-DIP-C01	-48419.308200	62397.948400	1605.000000
P24-DIP-C02	-47520.030800	63085.497900	1605.000000
P24-DIP-C03	-47672.482200	63284.896000	1605.000000
P24-DIP-C04	-48571.759500	62597.346500	1605.000000
P25-DIP-C01	-40216.970800	67974.470400	1605.000000
P25-DIP-C02	-39238.611700	68543.889000	1605.000000
P25-DIP-C03	-39364.869800	68760.822000	1605.000000
P25-DIP-C04	-40343.228800	68191.403400	1605.000000
P26-DIP-C01	-31380.387800	72478.994400	1605.000000
P26-DIP-C02	-30338.376300	72921.302100	1605.000000
P26-DIP-C03	-30436.449800	73152.348800	1605.000000
P26-DIP-C04	-31478.461300	72710.041200	1605.000000
P27-DIP-C01	-22048.917300	75840.481400	1605.000000
P27-DIP-C02	-20959.686600	76148.702600	1605.000000
P27-DIP-C03	-21028.028900	76390.219400	1605.000000
P27-DIP-C04	-22117.259700	76081.998100	1605.000000
P28-DIP-C01	-12369.722300	78005.918700	1605.000000
P28-DIP-C02	-11250.450100	78175.192700	1605.000000
P28-DIP-C03	-11287.983400	78423.370500	1605.000000
P28-DIP-C04	-12407.255700	78254.096500	1605.000000
P29-DIP-C01	-2495.449300	78941.156000	1605.000000
P29-DIP-C02	-1363.787200	78968.813200	1605.000000
P29-DIP-C03	-1369.919700	79219.738300	1605.000000
P29-DIP-C04	-2501.581800	79192.081100	1605.000000
P30-DIP-C01	7418.178400	78631.444100	1605.000000
P30-DIP-C02	8544.383400	78517.048400	1605.000000
P30-DIP-C03	8569.748500	78766.763400	1605.000000
P30-DIP-C04	7443.543500	78881.159200	1605.000000
P31-DIP-C01	17214.817000	77081.667400	1605.000000
P31-DIP-C02	18317.803900	76827.022800	1605.000000
P31-DIP-C03	18374.266600	77071.589700	1605.000000
P31-DIP-C04	17271.279700	77326.234300	1605.000000
P32-DIP-C01	26739.967600	74316.266800	1605.000000
P32-DIP-C02	27802.341800	73925.389200	1605.000000
P32-DIP-C03	27889.011600	74160.950900	1605.000000
P32-DIP-C04	26826.637500	74551.828500	1605.000000
P33-DIP-C01	35843.413000	70378.854200	1605.000000
P33-DIP-C02	36848.420100	69857.908000	1605.000000
P33-DIP-C03	36963.930200	70080.749700	1605.000000
P33-DIP-C04	35958.923200	70601.695800	1605.000000
P34-DIP-C01	44381.586400	65331.525000	1605.000000
P34-DIP-C02	45313.376800	64688.725900	1605.000000
P34-DIP-C03	45455.905500	64895.333100	1605.000000
P34-DIP-C04	44524.115200	65538.132300	1605.000000
P35-DIP-C01	52219.835600	59253.878700	1605.000000
P35-DIP-C02	53063.714400	58499.364000	1605.000000
P35-DIP-C03	53231.014100	58686.478400	1605.000000
P35-DIP-C04	52387.135300	59440.993200	1605.000000
P36-DIP-C01	59234.546800	52241.763300	1605.000000
P36-DIP-C02	59977.205700	51387.432100	1605.000000
P36-DIP-C03	60166.637800	51552.102900	1605.000000
P36-DIP-C04	59423.978900	52406.434200	1605.000000
P37-DIP-C01	65315.093900	44405.764100	1605.000000
P37-DIP-C02	65944.820500	43465.089700	1605.000000
P37-DIP-C03	66153.397600	43604.719900	1605.000000
P37-DIP-C04	65523.671000	44545.394300	1605.000000
P38-DIP-C01	70365.582800	35869.459500	1605.000000
P38-DIP-C02	70872.446100	34857.276900	1605.000000
P38-DIP-C03	71096.878800	34969.664400	1605.000000
P38-DIP-C04	70590.015600	35981.847000	1605.000000
P39-DIP-C01	74306.364600	26767.472100	1605.000000
P39-DIP-C02	74682.371000	25699.744000	1605.000000
P39-DIP-C03	74919.119800	25783.116500	1605.000000
P39-DIP-C04	74543.113400	26850.844500	1605.000000
P40-DIP-C01	77075.290500	17243.345600	1605.000000
P40-DIP-C02	77314.510200	16136.910800	1605.000000
P40-DIP-C03	77559.841600	16189.953300	1605.000000
P40-DIP-C04	77320.621900	17296.388100	1605.000000
P41-DIP-C01	78628.693100	7447.281300	1605.000000
P41-DIP-C02	78727.353400	6319.588900	1605.000000
P41-DIP-C03	78977.398300	6341.465000	1605.000000
P41-DIP-C04	78878.737900	7469.157400	1605.000000
P42-DIP-C01	78942.074200	-2466.231100	1605.000000
P42-DIP-C02	78898.619200	-3597.396700	1605.000000
P42-DIP-C03	79149.434200	-3607.032100	1605.000000
P42-DIP-C04	79192.889200	-2475.866400	1605.000000
P43-DIP-C01	78010.491600	-12340.849500	1605.000000
P43-DIP-C02	77825.606700	-13457.649200	1605.000000
P43-DIP-C03	78073.236300	-13498.644000	1605.000000
P43-DIP-C04	78258.121300	-12381.844400	1605.000000
P44-DIP-C01	75848.637000	-22020.845400	1605.000000
P44-DIP-C02	75525.237800	-23105.666600	1605.000000
P44-DIP-C03	75765.776800	-23177.374400	1605.000000
P44-DIP-C04	76089.176000	-22092.553200	1605.000000
P45-DIP-C01	72490.604100	-31353.559400	1605.000000
P45-DIP-C02	72033.790800	-32389.293800	1605.000000
P45-DIP-C03	72263.445700	-32490.583600	1605.000000
P45-DIP-C04	72720.259000	-31454.849300	1605.000000
P46-DIP-C01	67989.351100	-40191.809100	1605.000000
P46-DIP-C02	67406.328000	-41162.122500	1605.000000
P46-DIP-C03	67621.477000	-41291.397000	1605.000000
P46-DIP-C04	68204.500100	-40321.083600	1605.000000
P47-DIP-C01	62415.865300	-48396.209900	1605.000000
P47-DIP-C02	61715.827000	-49285.799900	1605.000000
P47-DIP-C03	61913.077100	-49441.020400	1605.000000
P47-DIP-C04	62613.115400	-48551.430400	1605.000000
P48-DIP-C01	55858.044100	-55837.373500	1605.000000
P48-DIP-C02	55052.030600	-56632.210800	1605.000000
P48-DIP-C03	55228.271000	-56810.929300	1605.000000
P48-DIP-C04	56034.284500	-56016.092100	1605.000000
P49-DIP-C01	48419.308200	-62397.948400	1605.000000
P49-DIP-C02	47520.030800	-63085.497900	1605.000000
P49-DIP-C03	47672.482200	-63284.896000	1605.000000
P49-DIP-C04	48571.759500	-62597.346500	1605.000000
P50-DIP-C01	40216.970800	-67974.470400	1605.000000
P50-DIP-C02	39238.611700	-68543.889000	1605.000000
P50-DIP-C03	39364.869800	-68760.822000	1605.000000
P50-DIP-C04	40343.228800	-68191.403400	1605.000000
P09-QUAD01-C02	-40650.779200	-67830.943700	1605.000000
P09-QUAD01-C03	-40806.783600	-67737.206800	1605.000000
P09-QUAD01-C01	-40544.681300	-67654.367200	1605.000000
P09-QUAD01-C04	-40700.685800	-67560.630300	1605.000000
P08-SEXT01-C04	-31586.430800	-72272.705200	1605.000000
P08-SEXT01-C01	-31522.383600	-72300.953400	1605.000000
P08-SEXT01-C02	-31605.514000	-72489.435100	1605.000000
P08-SEXT01-C03	-31669.561100	-72461.186900	1605.000000
P08-QUAD01-C02	-31828.764100	-72390.970000	1605.000000
P08-QUAD01-C01	-31745.633800	-72202.488300	1605.000000
P08-QUAD01-C04	-31912.156500	-72129.043100	1605.000000
P08-QUAD01-C03	-31995.286800	-72317.524800	1605.000000
P11-QUAD01-C02	-56242.529900	-55590.472200	1605.000000
P11-QUAD01-C03	-56370.321800	-55460.883400	1605.000000
P11-QUAD01-C01	-56095.852600	-55445.828600	1605.000000
P11-QUAD01-C04	-56223.644400	-55316.239900	1605.000000
P10-SEXT01-C04	-48567.575900	-62146.899400	1605.000000
P10-SEXT01-C01	-48512.565900	-62190.188000	1605.000000
P10-SEXT01-C02	-48639.958100	-62352.074500	1605.000000
P10-SEXT01-C03	-48694.968000	-62308.785900	1605.000000
P10-QUAD01-C02	-48831.707100	-62201.182800	1605.000000
P10-QUAD01-C01	-48704.315000	-62039.296300	1605.000000
P10-QUAD01-C04	-48847.341000	-61926.746000	1605.000000
P10-QUAD01-C03	-48974.733100	-62088.632500	1605.000000
P13-QUAD01-C02	-68300.355700	-39857.046800	1605.000000
P13-QUAD01-C03	-68391.905300	-39699.748800	1605.000000
P13-QUAD01-C01	-68122.315100	-39753.424700	1605.000000
P13-QUAD01-C04	-68213.864700	-39596.126700	1605.000000
P12-SEXT01-C04	-62497.041600	-48116.175300	1605.000000
P12-SEXT01-C01	-62454.525300	-48171.784300	1605.000000
P12-SEXT01-C02	-62618.174700	-48296.903700	1605.000000
P12-SEXT01-C03	-62660.691000	-48241.294700	1605.000000
P12-QUAD01-C02	-62766.374400	-48103.066600	1605.000000
P12-QUAD01-C01	-62602.725000	-47977.947100	1605.000000
P12-QUAD01-C04	-62713.267400	-47833.363700	1605.000000
P12-QUAD01-C03	-62876.916800	-47958.483100	1605.000000
P15-QUAD01-C02	-76066.618900	-21619.256700	1605.000000
P15-QUAD01-C03	-76116.173900	-21444.133000	1605.000000
P15-QUAD01-C01	-75868.402000	-21563.166900	1605.000000
P15-QUAD01-C04	-75917.957000	-21388.043300	1605.000000
P14-SEXT01-C04	-72499.588300	-31062.134900	1605.000000
P14-SEXT01-C01	-72472.237100	-31126.570300	1605.000000
P14-SEXT01-C02	-72661.861100	-31207.060900	1605.000000
P14-SEXT01-C03	-72689.212300	-31142.625500	1605.000000
P14-QUAD01-C02	-72757.199500	-30982.457700	1605.000000
P14-QUAD01-C01	-72567.575500	-30901.967100	1605.000000
P14-QUAD01-C04	-72638.688600	-30734.435200	1605.000000
P14-QUAD01-C03	-72828.312600	-30814.925800	1605.000000
P17-QUAD01-C02	-79053.336700	-2023.049100	1605.000000
P17-QUAD01-C03	-79057.783300	-1841.103400	1605.000000
P17-QUAD01-C01	-78847.398200	-2018.016100	1605.000000
P17-QUAD01-C04	-78851.844800	-1836.070400	1605.000000
P16-SEXT01-C04	-77946.719300	-12056.346400	1605.000000
P16-SEXT01-C01	-77936.251800	-12125.559300	1605.000000
P16-SEXT01-C02	-78139.935600	-12156.363600	1605.000000
P16-SEXT01-C03	-78150.403100	-12087.150700	1605.000000
P16-QUAD01-C02	-78176.422200	-11915.107100	1605.000000
P16-QUAD01-C01	-77972.738400	-11884.302800	1605.000000
P16-QUAD01-C04	-77999.953800	-11704.349100	1605.000000
P16-QUAD01-C03	-78203.637700	-11735.153400	1605.000000
P19-QUAD01-C02	-77072.842600	17700.274100	1605.000000
P19-QUAD01-C03	-77031.901500	17877.609400	1605.000000
P19-QUAD01-C01	-76872.122400	17653.934200	1605.000000
P19-QUAD01-C04	-76831.181300	17831.269500	1605.000000
P18-SEXT01-C04	-78496.171200	7706.986700	1605.000000
P18-SEXT01-C01	-78503.245100	7637.345100	1605.000000
P18-SEXT01-C02	-78708.190500	7658.162700	1605.000000
P18-SEXT01-C03	-78701.116600	7727.804300	1605.000000
P18-QUAD01-C02	-78683.532800	7900.913600	1605.000000
P18-QUAD01-C01	-78478.587400	7880.096000	1605.000000
P18-QUAD01-C04	-78460.195100	8061.164200	1605.000000
P18-QUAD01-C03	-78665.140600	8081.981800	1605.000000
P21-QUAD01-C02	-70249.578400	36311.424000	1605.000000
P21-QUAD01-C03	-70165.822000	36473.006400	1605.000000
P21-QUAD01-C01	-70066.688400	36216.622800	1605.000000
P21-QUAD01-C04	-69982.932000	36378.205200	1605.000000
P20-SEXT01-C04	-74113.420000	26986.061500	1605.000000
P20-SEXT01-C01	-74137.590800	26920.367000	1605.000000
P20-SEXT01-C02	-74330.920400	26991.498400	1605.000000
P20-SEXT01-C03	-74306.749500	27057.192900	1605.000000
P20-QUAD01-C02	-74246.667600	27220.490700	1605.000000
P20-QUAD01-C01	-74053.338100	27149.359300	1605.000000
P20-QUAD01-C04	-73990.493800	27320.165000	1605.000000
P20-QUAD01-C03	-74183.823400	27391.296400	1605.000000
P23-QUAD01-C02	-59012.274700	52640.993500	1605.000000
P23-QUAD01-C03	-58890.965800	52776.670100	1605.000000
P23-QUAD01-C01	-58858.706700	52503.687800	1605.000000
P23-QUAD01-C04	-58737.397800	52639.364500	1605.000000
P22-SEXT01-C04	-65073.850000	44569.502800	1605.000000
P22-SEXT01-C01	-65113.599100	44511.883300	1605.000000
P22-SEXT01-C02	-65283.165100	44628.859100	1605.000000
P22-SEXT01-C03	-65243.416100	44686.478600	1605.000000
P22-QUAD01-C02	-65144.611300	44829.704300	1605.000000
P22-QUAD01-C01	-64975.045200	44712.728500	1605.000000
P22-QUAD01-C04	-64871.697600	44862.539300	1605.000000
P22-QUAD01-C03	-65041.263700	44979.515200	1605.000000
P25-QUAD01-C02	-44067.012900	65662.935800	1605.000000
P25-QUAD01-C03	-43915.773700	65764.181700	1605.000000
P25-QUAD01-C01	-43952.416000	65491.753000	1605.000000
P25-QUAD01-C04	-43801.176800	65592.998900	1605.000000
P24-SEXT01-C04	-51945.450700	59352.478300	1605.000000
P24-SEXT01-C01	-51998.280400	59306.554200	1605.000000
P24-SEXT01-C02	-52133.428500	59462.024400	1605.000000
P24-SEXT01-C03	-52080.598900	59507.948500	1605.000000
P24-QUAD01-C02	-51949.279400	59622.102800	1605.000000
P24-QUAD01-C01	-51814.131200	59466.632600	1605.000000
P24-QUAD01-C04	-51676.774100	59586.035300	1605.000000
P24-QUAD01-C03	-51811.922300	59741.505500	1605.000000
P27-QUAD01-C02	-26352.858500	74559.034400	1605.000000
P27-QUAD01-C03	-26181.192000	74619.487800	1605.000000
P27-QUAD01-C01	-26284.433300	74364.730600	1605.000000
P27-QUAD01-C04	-26112.766800	74425.183900	1605.000000
P26-SEXT01-C04	-35553.127700	70406.119400	1605.000000
P26-SEXT01-C01	-35615.718500	70374.776200	1605.000000
P26-SEXT01-C02	-35707.956900	70558.972000	1605.000000
P26-SEXT01-C03	-35645.366100	70590.315100	1605.000000
P26-QUAD01-C02	-35489.783300	70668.225200	1605.000000
P26-QUAD01-C01	-35397.544900	70484.029400	1605.000000
P26-QUAD01-C04	-35234.808800	70565.521600	1605.000000
P26-QUAD01-C03	-35327.047200	70749.717400	1605.000000
P29-QUAD01-C02	-6982.857200	78770.314700	1605.000000
P29-QUAD01-C03	-6801.549700	78786.177000	1605.000000
P29-QUAD01-C01	-6964.903100	78565.098600	1605.000000
P29-QUAD01-C04	-6783.595600	78580.960900	1605.000000
P28-SEXT01-C04	-16926.871000	77035.885000	1605.000000
P28-SEXT01-C01	-16995.290100	77021.092200	1605.000000
P28-SEXT01-C02	-17038.823000	77222.439900	1605.000000
P28-SEXT01-C03	-16970.403900	77237.232600	1605.000000
P28-QUAD01-C02	-16800.333500	77274.003200	1605.000000
P28-QUAD01-C01	-16756.800600	77072.655500	1605.000000
P28-QUAD01-C04	-16578.910900	77111.116600	1605.000000
P28-QUAD01-C03	-16622.443800	77312.464300	1605.000000
P31-QUAD01-C02	12825.902800	78032.166400	1605.000000
P31-QUAD01-C03	13005.458900	78002.441000	1605.000000
P31-QUAD01-C01	12792.257700	77828.932500	1605.000000
P31-QUAD01-C04	12971.813800	77799.207200	1605.000000
P30-SEXT01-C04	2762.963400	78825.202600	1605.000000
P30-SEXT01-C01	2693.015000	78827.889800	1605.000000
P30-SEXT01-C02	2700.922800	79033.737900	1605.000000
P30-SEXT01-C03	2770.871300	79031.050800	1605.000000
P30-QUAD01-C02	2944.743000	79024.371300	1605.000000
P30-QUAD01-C01	2936.835100	78818.523100	1605.000000
P30-QUAD01-C04	3118.701000	78811.536500	1605.000000
P30-QUAD01-C03	3126.608900	79017.384700	1605.000000
P33-QUAD01-C02	31828.764100	72390.970000	1605.000000
P33-QUAD01-C03	31995.286800	72317.524800	1605.000000
P33-QUAD01-C01	31745.633800	72202.488300	1605.000000
P33-QUAD01-C04	31912.156500	72129.043100	1605.000000
P32-SEXT01-C04	22279.190500	75661.642900	1605.000000
P32-SEXT01-C01	22212.108000	75681.641100	1605.000000
P32-SEXT01-C02	22270.959800	75879.055500	1605.000000
P32-SEXT01-C03	22338.042300	75859.057300	1605.000000
P32-QUAD01-C02	22504.790500	75809.347500	1605.000000
P32-QUAD01-C01	22445.938700	75611.933100	1605.000000
P32-QUAD01-C04	22620.353400	75559.937800	1605.000000
P32-QUAD01-C03	22679.205200	75757.352300	1605.000000
P35-QUAD01-C02	48831.707100	62201.182800	1605.000000
P35-QUAD01-C03	48974.733100	62088.632500	1605.000000
P35-QUAD01-C01	48704.315000	62039.296300	1605.000000
P35-QUAD01-C04	48847.341000	61926.746000	1605.000000
P34-SEXT01-C04	40395.534200	67743.983800	1605.000000
P34-SEXT01-C01	40335.532500	67780.036500	1605.000000
P34-SEXT01-C02	40441.630400	67956.613000	1605.000000
P34-SEXT01-C03	40501.632100	67920.560300	1605.000000
P34-QUAD01-C02	40650.779200	67830.943700	1605.000000
P34-QUAD01-C01	40544.681300	67654.367200	1605.000000
P34-QUAD01-C04	40700.685800	67560.630300	1605.000000
P34-QUAD01-C03	40806.783600	67737.206800	1605.000000
P37-QUAD01-C02	62766.374400	48103.066600	1605.000000
P37-QUAD01-C03	62876.916800	47958.483100	1605.000000
P37-QUAD01-C01	62602.725000	47977.947100	1605.000000
P37-QUAD01-C04	62713.267400	47833.363700	1605.000000
P36-SEXT01-C04	55973.677900	55569.721200	1605.000000
P36-SEXT01-C01	55924.527200	55619.563000	1605.000000
P36-SEXT01-C02	56071.204600	55764.206500	1605.000000
P36-SEXT01-C03	56120.355300	55714.364700	1605.000000
P36-QUAD01-C02	56242.529900	55590.472200	1605.000000
P36-QUAD01-C01	56095.852600	55445.828600	1605.000000
P36-QUAD01-C04	56223.644400	55316.239900	1605.000000
P36-QUAD01-C03	56370.321800	55460.883400	1605.000000
P39-QUAD01-C02	72757.199500	30982.457700	1605.000000
P39-QUAD01-C03	72828.312600	30814.925800	1605.000000
P39-QUAD01-C01	72567.575500	30901.967100	1605.000000
P39-QUAD01-C04	72638.688600	30734.435200	1605.000000
P38-SEXT01-C04	68034.789600	39903.808600	1605.000000
P38-SEXT01-C01	67999.578200	39964.307800	1605.000000
P38-SEXT01-C02	68177.618800	40067.929900	1605.000000
P38-SEXT01-C03	68212.830200	40007.430700	1605.000000
P38-QUAD01-C02	68300.355700	39857.046800	1605.000000
P38-QUAD01-C01	68122.315100	39753.424700	1605.000000
P38-QUAD01-C04	68213.864700	39596.126700	1605.000000
P38-QUAD01-C03	68391.905300	39699.748800	1605.000000
P41-QUAD01-C02	78176.422200	11915.107100	1605.000000
P41-QUAD01-C03	78203.637700	11735.153400	1605.000000
P41-QUAD01-C01	77972.738400	11884.302800	1605.000000
P41-QUAD01-C04	77999.953800	11704.349100	1605.000000
P40-SEXT01-C04	75821.025200	21730.592900	1605.000000
P40-SEXT01-C01	75801.965600	21797.948100	1605.000000
P40-SEXT01-C02	76000.182500	21854.037900	1605.000000
P40-SEXT01-C03	76019.242100	21786.682600	1605.000000
P40-QUAD01-C02	76066.618900	21619.256700	1605.000000
P40-QUAD01-C01	75868.402000	21563.166900	1605.000000
P40-QUAD01-C04	75917.957000	21388.043300	1605.000000
P40-QUAD01-C03	76116.173900	21444.133000	1605.000000
P43-QUAD01-C02	78683.532800	-7900.913600	1605.000000
P43-QUAD01-C03	78665.140600	-8081.981800	1605.000000
P43-QUAD01-C01	78478.587400	-7880.096000	1605.000000
P43-QUAD01-C04	78460.195100	-8061.164200	1605.000000
P42-SEXT01-C04	78843.147000	2191.964100	1605.000000
P42-SEXT01-C01	78841.436700	2261.943200	1605.000000
P42-SEXT01-C02	79047.375200	2266.976300	1605.000000
P42-SEXT01-C03	79049.085500	2196.997200	1605.000000
P42-QUAD01-C02	79053.336700	2023.049100	1605.000000
P42-QUAD01-C01	78847.398200	2018.016100	1605.000000
P42-QUAD01-C04	78851.844800	1836.070400	1605.000000
P42-QUAD01-C03	79057.783300	1841.103400	1605.000000
P45-QUAD01-C02	74246.667600	-27220.490700	1605.000000
P45-QUAD01-C03	74183.823400	-27391.296400	1605.000000
P45-QUAD01-C01	74053.338100	-27149.359300	1605.000000
P45-QUAD01-C04	73990.493800	-27320.165000	1605.000000
P44-SEXT01-C04	76911.263800	-17484.393800	1605.000000
P44-SEXT01-C01	76927.010400	-17416.187900	1605.000000
P44-SEXT01-C02	77127.730700	-17462.527800	1605.000000
P44-SEXT01-C03	77111.984100	-17530.733700	1605.000000
P44-QUAD01-C02	77072.842600	-17700.274100	1605.000000
P44-QUAD01-C01	76872.122400	-17653.934200	1605.000000
P44-QUAD01-C04	76831.181300	-17831.269500	1605.000000
P44-QUAD01-C03	77031.901500	-17877.609400	1605.000000
P47-QUAD01-C02	65144.611300	-44829.704300	1605.000000
P47-QUAD01-C03	65041.263700	-44979.515200	1605.000000
P47-QUAD01-C01	64975.045200	-44712.728500	1605.000000
P47-QUAD01-C04	64871.697600	-44862.539300	1605.000000
P46-SEXT01-C04	70146.763200	-36062.142900	1605.000000
P46-SEXT01-C01	70178.977100	-35999.995800	1605.000000
P46-SEXT01-C02	70361.867100	-36094.797000	1605.000000
P46-SEXT01-C03	70329.653100	-36156.944100	1605.000000
P46-QUAD01-C02	70249.578400	-36311.424000	1605.000000
P46-QUAD01-C01	70066.688400	-36216.622800	1605.000000
P46-QUAD01-C04	69982.932000	-36378.205200	1605.000000
P46-QUAD01-C03	70165.822000	-36473.006400	1605.000000
P49-QUAD01-C02	51949.279400	-59622.102800	1605.000000
P49-QUAD01-C03	51811.922300	-59741.505500	1605.000000
P49-QUAD01-C01	51814.131200	-59466.632600	1605.000000
P49-QUAD01-C04	51676.774100	-59586.035300	1605.000000
P48-SEXT01-C04	58974.683300	-52373.975000	1605.000000
P48-SEXT01-C01	59021.340600	-52321.791700	1605.000000
P48-SEXT01-C02	59174.908700	-52459.097400	1605.000000
P48-SEXT01-C03	59128.251400	-52511.280700	1605.000000
P48-QUAD01-C02	59012.274700	-52640.993500	1605.000000
P48-QUAD01-C01	58858.706700	-52503.687800	1605.000000
P48-QUAD01-C04	58737.397800	-52639.364500	1605.000000
P48-QUAD01-C03	58890.965800	-52776.670100	1605.000000
P01-QUAD01-C02	35489.783300	-70668.225200	1605.000000
P01-QUAD01-C03	35327.047200	-70749.717400	1605.000000
P01-QUAD01-C01	35397.544900	-70484.029400	1605.000000
P01-QUAD01-C04	35234.808800	-70565.521600	1605.000000
P50-SEXT01-C04	44097.007300	-65394.957600	1605.000000
P50-SEXT01-C01	44155.176200	-65356.016900	1605.000000
P50-SEXT01-C02	44269.773100	-65527.199700	1605.000000
P50-SEXT01-C03	44211.604200	-65566.140400	1605.000000
P50-QUAD01-C02	44067.012900	-65662.935800	1605.000000
P50-QUAD01-C01	43952.416000	-65491.753000	1605.000000
P50-QUAD01-C04	43801.176800	-65592.998900	1605.000000
P50-QUAD01-C03	43915.773700	-65764.181700	1605.000000
P03-QUAD01-C02	16800.333500	-77274.003200	1605.000000
P03-QUAD01-C03	16622.443800	-77312.464300	1605.000000
P03-QUAD01-C01	16756.800600	-77072.655500	1605.000000
P03-QUAD01-C04	16578.910900	-77111.116600	1605.000000
P02-SEXT01-C04	26448.554100	-74306.934500	1605.000000
P02-SEXT01-C01	26514.579700	-74283.683300	1605.000000
P02-SEXT01-C02	26583.004900	-74477.987100	1605.000000
P02-SEXT01-C03	26516.979300	-74501.238400	1605.000000
P02-QUAD01-C02	26352.858500	-74559.034400	1605.000000
P02-QUAD01-C01	26284.433300	-74364.730600	1605.000000
P02-QUAD01-C04	26112.766800	-74425.183900	1605.000000
P02-QUAD01-C03	26181.192000	-74619.487800	1605.000000
P05-QUAD01-C02	-2944.743000	-79024.371300	1605.000000
P05-QUAD01-C03	-3126.608900	-79017.384700	1605.000000
P05-QUAD01-C01	-2936.835100	-78818.523100	1605.000000
P05-QUAD01-C04	-3118.701000	-78811.536500	1605.000000
P04-SEXT01-C04	7138.241000	-78549.933500	1605.000000
P04-SEXT01-C01	7207.974600	-78543.832600	1605.000000
P04-SEXT01-C02	7225.928700	-78749.048700	1605.000000
P04-SEXT01-C03	7156.195000	-78755.149600	1605.000000
P04-QUAD01-C02	6982.857200	-78770.314700	1605.000000
P04-QUAD01-C01	6964.903100	-78565.098600	1605.000000
P04-QUAD01-C04	6783.595600	-78580.960900	1605.000000
P04-QUAD01-C03	6801.549700	-78786.177000	1605.000000
P07-QUAD01-C02	-22504.790500	-75809.347500	1605.000000
P07-QUAD01-C03	-22679.205200	-75757.352300	1605.000000
P07-QUAD01-C01	-22445.938700	-75611.933100	1605.000000
P07-QUAD01-C04	-22620.353400	-75559.937800	1605.000000
P06-SEXT01-C04	-12620.594100	-77857.351200	1605.000000
P06-SEXT01-C01	-12551.534100	-77868.784000	1605.000000
P06-SEXT01-C02	-12585.179200	-78072.017900	1605.000000
P06-SEXT01-C03	-12654.239200	-78060.585100	1605.000000
P06-QUAD01-C02	-12825.902800	-78032.166400	1605.000000
P06-QUAD01-C01	-12792.257700	-77828.932500	1605.000000
P06-QUAD01-C04	-12971.813800	-77799.207200	1605.000000
P06-QUAD01-C03	-13005.458900	-78002.441000	1605.000000
P17-SEXT02-C02	-79091.391900	3885.615600	1605.000000
P17-SEXT02-C03	-79084.318000	3955.257200	1605.000000
P17-SEXT02-C04	-78879.372500	3934.439700	1605.000000
P17-SEXT02-C01	-78886.446500	3864.798000	1605.000000
P20-QUAD02-C02	-72811.795100	31120.360200	1605.000000
P20-QUAD02-C03	-72792.803700	31171.977300	1605.000000
P20-QUAD02-C04	-72599.474100	31100.845900	1605.000000
P20-QUAD02-C01	-72618.465500	31049.228800	1605.000000
P18-QUAD02-C02	-78263.597500	12035.099700	1605.000000
P18-QUAD02-C03	-78258.039400	12089.818200	1605.000000
P18-QUAD02-C04	-78053.094000	12069.000600	1605.000000
P18-QUAD02-C01	-78058.652100	12014.282200	1605.000000
P16-QUAD02-C02	-78797.810300	-7806.370300	1605.000000
P16-QUAD02-C03	-78806.034700	-7751.988700	1605.000000
P16-QUAD02-C04	-78602.350900	-7721.184400	1605.000000
P16-QUAD02-C01	-78594.126400	-7775.566000	1605.000000
P14-QUAD02-C02	-74380.866800	-27157.337300	1605.000000
P14-QUAD02-C03	-74402.357000	-27106.709600	1605.000000
P14-QUAD02-C04	-74212.733000	-27026.219000	1605.000000
P14-QUAD02-C01	-74191.242800	-27076.846700	1605.000000
P12-QUAD02-C02	-65290.299900	-44801.909000	1605.000000
P12-QUAD02-C03	-65323.705600	-44758.216200	1605.000000
P12-QUAD02-C04	-65160.056200	-44633.096800	1605.000000
P12-QUAD02-C01	-65126.650500	-44676.789600	1605.000000
P12-SEXT02-C01	-66092.147100	-43241.602600	1605.000000
P12-SEXT02-C04	-66127.358500	-43181.103300	1605.000000
P12-SEXT02-C03	-66305.399100	-43284.725500	1605.000000
P12-SEXT02-C02	-66270.187700	-43345.224700	1605.000000
P27-SEXT02-C02	-20745.144200	76421.104900	1605.000000
P27-SEXT02-C03	-20676.725100	76435.897600	1605.000000
P27-SEXT02-C04	-20633.192100	76234.550000	1605.000000
P27-SEXT02-C01	-20701.611300	76219.757200	1605.000000
P30-QUAD02-C02	7097.139300	78864.852300	1605.000000
P30-QUAD02-C03	7152.098700	78862.741000	1605.000000
P30-QUAD02-C04	7144.190900	78656.892800	1605.000000
P30-QUAD02-C01	7089.231400	78659.004200	1605.000000
P28-QUAD02-C02	-12738.721600	78152.154700	1605.000000
P28-QUAD02-C03	-12684.963700	78163.777600	1605.000000
P28-QUAD02-C04	-12641.430800	77962.429900	1605.000000
P28-QUAD02-C01	-12695.188700	77950.807100	1605.000000
P26-QUAD02-C02	-31774.161800	72528.869800	1605.000000
P26-QUAD02-C03	-31724.983300	72553.496600	1605.000000
P26-QUAD02-C04	-31632.744900	72369.300800	1605.000000
P26-QUAD02-C01	-31681.923400	72344.674100	1605.000000
P24-QUAD02-C02	-48813.114500	62348.329300	1605.000000
P24-QUAD02-C03	-48771.605500	62384.412500	1605.000000
P24-QUAD02-C04	-48636.457300	62228.942400	1605.000000
P24-QUAD02-C01	-48677.966400	62192.859100	1605.000000
P22-QUAD02-C02	-62784.959800	48250.213900	1605.000000
P22-QUAD02-C03	-62753.728400	48295.486400	1605.000000
P22-QUAD02-C04	-62584.162300	48178.510600	1605.000000
P22-QUAD02-C01	-62615.393700	48133.238100	1605.000000
P22-SEXT02-C01	-61548.804600	49494.977100	1605.000000
P22-SEXT02-C04	-61502.147300	49547.160400	1605.000000
P22-SEXT02-C03	-61655.715300	49684.466100	1605.000000
P22-SEXT02-C02	-61702.372600	49632.282800	1605.000000
P37-SEXT02-C02	66270.187700	43345.224700	1605.000000
P37-SEXT02-C03	66305.399100	43284.725500	1605.000000
P37-SEXT02-C04	66127.358500	43181.103300	1605.000000
P37-SEXT02-C01	66092.147100	43241.602600	1605.000000
P40-QUAD02-C02	77198.068400	17620.799100	1605.000000
P40-QUAD02-C03	77213.043800	17567.877100	1605.000000
P40-QUAD02-C04	77014.826900	17511.787300	1605.000000
P40-QUAD02-C01	76999.851400	17564.709300	1605.000000
P38-QUAD02-C02	70390.634500	36265.588200	1605.000000
P38-QUAD02-C03	70418.300600	36218.053100	1605.000000
P38-QUAD02-C04	70240.260000	36114.430900	1605.000000
P38-QUAD02-C01	70212.593900	36161.966100	1605.000000
P36-QUAD02-C02	59160.298300	52631.677000	1605.000000
P36-QUAD02-C03	59198.916700	52592.515600	1605.000000
P36-QUAD02-C04	59052.239300	52447.872000	1605.000000
P36-QUAD02-C01	59013.620900	52487.033500	1605.000000
P34-QUAD02-C02	44212.702900	65690.724000	1605.000000
P34-QUAD02-C03	44259.847100	65662.396900	1605.000000
P34-QUAD02-C04	44153.749300	65485.820400	1605.000000
P34-QUAD02-C01	44106.605100	65514.147500	1605.000000
P32-QUAD02-C02	26487.060800	74622.181200	1605.000000
P32-QUAD02-C03	26539.768600	74606.468300	1605.000000
P32-QUAD02-C04	26480.916800	74409.053900	1605.000000
P32-QUAD02-C01	26428.209000	74424.766700	1605.000000
P32-SEXT02-C01	28052.893900	73831.180700	1605.000000
P32-SEXT02-C04	28116.941100	73802.932500	1605.000000
P32-SEXT02-C03	28200.071400	73991.414200	1605.000000
P32-SEXT02-C02	28136.024200	74019.662400	1605.000000
P47-SEXT02-C02	61702.372600	-49632.282800	1605.000000
P47-SEXT02-C03	61655.715300	-49684.466100	1605.000000
P47-SEXT02-C04	61502.147300	-49547.160400	1605.000000
P47-SEXT02-C01	61548.804600	-49494.977100	1605.000000
P50-QUAD02-C02	40613.890800	-67974.599600	1605.000000
P50-QUAD02-C03	40568.186700	-68005.195800	1605.000000
P50-QUAD02-C04	40453.589800	-67834.013000	1605.000000
P50-QUAD02-C01	40499.293900	-67803.416800	1605.000000
P48-QUAD02-C02	56242.526300	-55738.788600	1605.000000
P48-QUAD02-C03	56205.867000	-55779.789800	1605.000000
P48-QUAD02-C04	56052.298900	-55642.484100	1605.000000
P48-QUAD02-C01	56088.958200	-55601.482900	1605.000000
P46-QUAD02-C02	68337.236900	-40000.704600	1605.000000
P46-QUAD02-C03	68311.925900	-40049.534400	1605.000000
P46-QUAD02-C04	68129.036000	-39954.733300	1605.000000
P46-QUAD02-C01	68154.347000	-39905.903400	1605.000000
P44-QUAD02-C02	76138.067700	-21749.229100	1605.000000
P44-QUAD02-C03	76125.695400	-21802.819500	1605.000000
P44-QUAD02-C04	75924.975100	-21756.479600	1605.000000
P44-QUAD02-C01	75937.347400	-21702.889200	1605.000000
P42-QUAD02-C02	79154.863600	-2131.169600	1605.000000
P42-QUAD02-C03	79156.207400	-2186.153200	1605.000000
P42-QUAD02-C04	78950.268900	-2191.186300	1605.000000
P42-QUAD02-C01	78948.925100	-2136.202700	1605.000000
P42-SEXT02-C01	78886.446500	-3864.798000	1605.000000
P42-SEXT02-C04	78879.372500	-3934.439700	1605.000000
P42-SEXT02-C03	79084.318000	-3955.257200	1605.000000
P42-SEXT02-C02	79091.391900	-3885.615600	1605.000000
P07-SEXT02-C02	-28136.024200	-74019.662400	1605.000000
P07-SEXT02-C03	-28200.071400	-73991.414200	1605.000000
P07-SEXT02-C04	-28116.941100	-73802.932500	1605.000000
P07-SEXT02-C01	-28052.893900	-73831.180700	1605.000000
P10-QUAD02-C02	-52097.303400	-59631.412000	1605.000000
P10-QUAD02-C03	-52140.525500	-59597.399500	1605.000000
P10-QUAD02-C04	-52013.133400	-59435.513000	1605.000000
P10-QUAD02-C01	-51969.911300	-59469.525500	1605.000000
P08-QUAD02-C02	-35630.841700	-70714.054000	1605.000000
P08-QUAD02-C03	-35681.164500	-70691.859000	1605.000000
P08-QUAD02-C04	-35598.034200	-70503.377300	1605.000000
P08-QUAD02-C01	-35547.711400	-70525.572300	1605.000000
P06-QUAD02-C02	-16925.563200	-77353.472000	1605.000000
P06-QUAD02-C03	-16979.824600	-77344.489100	1605.000000
P06-QUAD02-C04	-16946.179500	-77141.255200	1605.000000
P06-QUAD02-C01	-16891.918000	-77150.238100	1605.000000
P04-QUAD02-C02	2843.210700	-79132.486800	1605.000000
P04-QUAD02-C03	2788.420000	-79137.280400	1605.000000
P04-QUAD02-C04	2770.465900	-78932.064300	1605.000000
P04-QUAD02-C01	2825.256700	-78927.270700	1605.000000
P02-QUAD02-C02	22433.335300	-75939.316500	1605.000000
P02-QUAD02-C03	22381.458000	-75957.585300	1605.000000
P02-QUAD02-C04	22313.032800	-75763.281500	1605.000000
P02-QUAD02-C01	22364.910100	-75745.012600	1605.000000
P02-SEXT02-C01	20701.611300	-76219.757200	1605.000000
P02-SEXT02-C04	20633.192100	-76234.550000	1605.000000
P02-SEXT02-C03	20676.725100	-76435.897600	1605.000000
P02-SEXT02-C02	20745.144200	-76421.104900	1605.000000
CC-VP-BOO-01	38699.475200	-68945.666500	1470.000000
CC-VP-BOO-02	37410.982200	-69590.967800	1470.000000
CC-VP-BOO-03	37329.882400	-69631.579500	1470.000000
CC-VP-BOO-04	36323.146500	-70123.189500	1470.000000
CC-VP-BOO-05	35038.075700	-70779.230900	1470.000000
CC-VP-LTB-01	43143.152100	-52762.040700	1470.000000
CC-VP-LTB-02	41766.411200	-55616.320100	1470.000000
CC-VP-LTB-03	41576.212200	-56193.116800	1470.000000
CC-VP-LTB-04	40029.204800	-64341.439500	1470.000000
CC-VP-LTB-05	39839.005000	-64918.235800	1470.000000
CC-VP-LTB-06	38566.381400	-67556.594100	1470.000000
CC-VP-LTB-07	38233.380100	-68064.502500	1470.000000
CC-VP-LTB-08	36954.757600	-69548.417000	1470.000000
LTB-B1-P01	41563.164000	-55752.967300	1604.000000
LTB-B1-P02	41494.111400	-55962.375900	1604.000000
LTB-B1-P03	41732.485800	-56040.980100	1604.000000
LTB-B1-P04	41801.538500	-55831.571400	1604.000000
LTB-B2-P01	39872.930400	-64493.583200	1604.000000
LTB-B2-P02	39803.877800	-64702.991900	1604.000000
LTB-B2-P03	40042.252300	-64781.596000	1604.000000
LTB-B2-P04	40111.304900	-64572.187400	1604.000000
LTB-B3-P01	38376.054600	-67663.099500	1604.000000
LTB-B3-P02	38255.156000	-67847.500600	1604.000000
LTB-B3-P03	38465.063800	-67985.122200	1604.000000
LTB-B3-P04	38585.962400	-67800.721100	1604.000000
LTB-CV.CH.1A-P01	42776.107500	-53412.517200	1584.000000
LTB-CV.CH.1A-P02	42769.156400	-53426.928400	1584.000000
LTB-CV.CH.1A-P03	42855.623400	-53468.635100	1584.000000
LTB-CV.CH.1A-P04	42862.574600	-53454.224000	1584.000000
LTB-CV.CH.1B-P01	41891.313700	-55246.884700	35.000000
LTB-CV.CH.1B-P02	41884.362600	-55261.295800	35.000000
LTB-CV.CH.1B-P03	41970.829600	-55303.002600	35.000000
LTB-CV.CH.1B-P04	41977.780800	-55288.591400	35.000000
LTB-CV.CH.2A-P01	41220.030800	-57811.839000	35.000000
LTB-CV.CH.2A-P02	41217.046400	-57827.558200	35.000000
LTB-CV.CH.2A-P03	41311.361600	-57845.464500	35.000000
LTB-CV.CH.2A-P04	41314.346000	-57829.745300	35.000000
LTB-CV.CH.2B-P01	40038.610300	-64034.559700	35.000000
LTB-CV.CH.2B-P02	40035.625900	-64050.278900	35.000000
LTB-CV.CH.2B-P03	40129.941200	-64068.185200	35.000000
LTB-CV.CH.2B-P04	40132.925500	-64052.466000	35.000000
LTB-CV.CH.4A-P01	38040.354800	-68214.985400	35.000000
LTB-CV.CH.4A-P02	38029.910700	-68227.106500	35.000000
LTB-CV.CH.4A-P03	38102.636900	-68289.771400	35.000000
LTB-CV.CH.4A-P04	38113.081100	-68277.650400	35.000000
LTB-CV.CH.4C-P01	36814.779500	-69637.335700	35.000000
LTB-CV.CH.4C-P02	36804.335300	-69649.456700	35.000000
LTB-CV.CH.4C-P03	36877.061500	-69712.121600	35.000000
LTB-CV.CH.4C-P04	36887.505700	-69700.000600	35.000000
LTB-QD.1A-P01	42813.566800	-53208.257900	1605.000000
LTB-QD.1A-P02	42789.672300	-53257.796300	1605.000000
LTB-QD.1A-P03	42975.216100	-53347.292000	1605.000000
LTB-QD.1A-P04	42999.110600	-53297.753600	1605.000000
LTB-QD.2A-P01	41331.862500	-56927.936100	1605.000000
LTB-QD.2A-P02	41321.603700	-56981.970900	1605.000000
LTB-QD.2A-P03	41523.988400	-57020.394800	1605.000000
LTB-QD.2A-P04	41534.247300	-56966.360100	1605.000000
LTB-QD.2B-P01	40081.428100	-63514.163500	1605.000000
LTB-QD.2B-P02	40071.169300	-63568.198300	1605.000000
LTB-QD.2B-P03	40273.554100	-63606.622300	1605.000000
LTB-QD.2B-P04	40283.812900	-63552.587500	1605.000000
LTB-QD.3A-P01	38676.284900	-67091.666900	1605.000000
LTB-QD.3A-P02	38652.390400	-67141.205300	1605.000000
LTB-QD.3A-P03	38837.934200	-67230.701000	1605.000000
LTB-QD.3A-P04	38861.828700	-67181.162600	1605.000000
LTB-QD.4B-P01	37000.437000	-69337.611900	1605.000000
LTB-QD.4B-P02	36964.535200	-69379.278000	1605.000000
LTB-QD.4B-P03	37120.593600	-69513.746500	1605.000000
LTB-QD.4B-P04	37156.495400	-69472.080400	1605.000000
LTB-QF.1A-P01	42568.974100	-53715.351000	1605.000000
LTB-QF.1A-P02	42545.079600	-53764.889400	1605.000000
LTB-QF.1A-P03	42730.623500	-53854.385200	1605.000000
LTB-QF.1A-P04	42754.518000	-53804.846700	1605.000000
LTB-QF.2A-P01	41262.848600	-57291.442800	1605.000000
LTB-QF.2A-P02	41252.589800	-57345.477500	1605.000000
LTB-QF.2A-P03	41454.974500	-57383.901500	1605.000000
LTB-QF.2A-P04	41465.233400	-57329.866700	1605.000000
LTB-QF.2B-P01	40150.442000	-63150.656900	1605.000000
LTB-QF.2B-P02	40140.183200	-63204.691700	1605.000000
LTB-QF.2B-P03	40342.568000	-63243.115600	1605.000000
LTB-QF.2B-P04	40352.826800	-63189.080800	1605.000000
LTB-QF.3A-P01	38809.227700	-66816.054500	1605.000000
LTB-QF.3A-P02	38785.333200	-66865.592900	1605.000000
LTB-QF.3A-P03	38970.877100	-66955.088600	1605.000000
LTB-QF.3A-P04	38994.771500	-66905.550200	1605.000000
LTB-QF.4B-P01	37206.709100	-69098.221300	1605.000000
LTB-QF.4B-P02	37170.807300	-69139.887400	1605.000000
LTB-QF.4B-P03	37326.865700	-69274.355900	1605.000000
LTB-QF.4B-P04	37362.767400	-69232.689900	1605.000000