P35-QUAD01-C03,  48973.936618,  62087.604472,  1604.976448
P35-QUAD01-C04,  48846.598179,  61925.608522,  1604.968605
P35-QUAD01-C02,  48830.838269,  62200.330209,  1604.930931
P35-QUAD01-C01,  48703.359060,  62038.464910,  1604.926143
P47-DIP-C01,  62414.643685,  -48395.606457,  1605.040165
P47-DIP-C02,  62612.010313,  -48550.729732,  1605.043818
P47-DIP-C03,  61912.162527,  -49439.961686,  1605.074234
P47-DIP-C04,  61714.878529,  -49284.802544,  1604.983317
P07-DIP-C01,  -26739.677898,  -74314.984110,  1605.076340
P07-DIP-C02,  -26826.075408,  -74550.715319,  1605.033441
P07-DIP-C03,  -27888.448602,  -74159.785336,  1605.052000
P07-DIP-C04,  -27801.801894,  -73924.157243,  1605.022578
P08-DIP-C01,  -35843.036371,  -70377.521628,  1605.034499
P08-DIP-C02,  -35958.416980,  -70600.470215,  1604.992237
P08-DIP-C03,  -36963.283365,  -70079.501632,  1605.002082
P08-DIP-C04,  -36847.832383,  -69856.628309,  1605.013582
P08-QUAD02-C03,  -35680.821524,  -70690.255853,  1605.052642
P08-QUAD02-C04,  -35597.122153,  -70502.008518,  1605.075190
P08-QUAD02-C02,  -35630.178188,  -70712.689813,  1605.016528
P08-QUAD02-C01,  -35546.777958,  -70524.322453,  1605.102351
P09-DIP-C02,  -44523.029520,  -65537.304612,  1605.020564
P09-DIP-C01,  -44380.664331,  -65330.610417,  1605.055605
P09-DIP-C03,  -45455.210062,  -64894.139092,  1605.019651
P09-DIP-C04,  -45312.712376,  -64687.431087,  1604.999657
P10-DIP-C03,  -53229.978281,  -58685.660242,  1605.035097
P10-DIP-C04,  -53062.613770,  -58498.583537,  1604.969617
P10-DIP-C02,  -52386.362242,  -59440.003064,  1604.938125
P10-DIP-C01,  -52219.254811,  -59252.698011,  1604.986178
P11-DIP-C03,  -60165.200592,  -51551.940118,  1604.999694
P11-DIP-C04,  -59975.969698,  -51386.984088,  1605.044624
P11-DIP-C02,  -59423.458664,  -52405.221704,  1604.937414
P11-DIP-C01,  -59234.086097,  -52240.485735,  1605.026411
P16-DIP-C01,  -78627.461449,  -7447.036187,  1604.989782
P16-DIP-C02,  -78877.498234,  -7469.050697,  1604.984866
P16-DIP-C03,  -78976.185272,  -6341.325254,  1604.939785
P16-DIP-C04,  -78726.135994,  -6319.327938,  1604.973109
P16-QUAD02-C03,  -78804.773974,  -7751.123467,  1605.162314
P16-QUAD02-C04,  -78600.965098,  -7720.442370,  1605.139507
P16-QUAD02-C02,  -78796.551839,  -7805.568338,  1605.151035
P16-QUAD02-C01,  -78592.815043,  -7774.931803,  1605.162058
P17-DIP-C03,  -79148.204145,  3606.653017,  1604.999289
P17-DIP-C04,  -78897.336803,  3597.136481,  1605.026006
P17-DIP-C02,  -79191.642397,  2476.035433,  1604.892656
P17-DIP-C01,  -78940.780753,  2466.439090,  1604.948644
P24-DIP-C02,  -48570.903755,  62596.253426,  1605.009287
P24-DIP-C01,  -48418.300102,  62396.964335,  1605.057994
P24-DIP-C03,  -47671.751778,  63283.667563,  1604.989129
P24-DIP-C04,  -47519.245831,  63084.286533,  1604.923070
P24-QUAD02-C03,  -48770.114786,  62383.627948,  1605.178778
P24-QUAD02-C04,  -48634.614107,  62228.464686,  1605.226256
P24-QUAD02-C02,  -48811.736126,  62347.535574,  1605.171635
P24-QUAD02-C01,  -48676.332567,  62192.279636,  1605.266469
P26-DIP-C04,  -30338.443603,  72919.796798,  1604.993668
P26-DIP-C03,  -30436.611296,  73150.844148,  1605.048319
P26-DIP-C02,  -31477.643285,  72709.085193,  1605.004204
P26-DIP-C01,  -31379.128251,  72478.177069,  1605.033595
P26-QUAD02-C04,  -31632.811420,  72367.731670,  1604.879400
P26-QUAD02-C03,  -31724.514877,  72552.226514,  1604.887076
P26-QUAD02-C02,  -31773.840948,  72527.720347,  1604.875757
P26-QUAD02-C01,  -31682.238551,  72343.152424,  1604.910268
P30-DIP-C02,  7443.551362,  78879.756318,  1605.027226
P30-DIP-C01,  7418.439098,  78629.997496,  1604.998097
P30-DIP-C03,  8569.540765,  78765.327505,  1605.084936
P30-DIP-C04,  8544.168304,  78515.616655,  1605.019459
P36-DIP-C03,  60165.575559,  51551.266881,  1604.952482
P36-DIP-C04,  59976.179187,  51386.602412,  1604.946819
P36-DIP-C02,  59423.060963,  52405.599994,  1604.889573
P36-DIP-C01,  59233.774661,  52240.707082,  1605.004685
P36-QUAD02-C01,  59011.516555,  52487.390600,  1604.741338
P36-QUAD02-C02,  59158.519247,  52631.740419,  1604.669465
P36-QUAD02-C03,  59197.089297,  52592.484419,  1604.691418
P36-QUAD02-C04,  59050.153713,  52448.056532,  1604.731806
P41-DIP-C03,  78975.983169,  6341.637110,  1604.980604
P41-DIP-C04,  78725.938411,  6319.684040,  1604.946059
P41-DIP-C02,  78877.409907,  7468.696117,  1605.004381
P41-DIP-C01,  78627.372369,  7446.757905,  1604.986773
P43-DIP-C04,  77824.430195,  -13457.148016,  1605.074860
P43-DIP-C03,  78072.092446,  -13497.988729,  1605.075350
P43-DIP-C02,  78256.989891,  -12381.481774,  1605.008453
P43-DIP-C01,  78009.195010,  -12341.353250,  1605.085275
P48-DIP-C02,  56033.300626,  -56015.258741,  1604.964648
P48-DIP-C01,  55856.814751,  -55836.739147,  1604.975668
P48-DIP-C03,  55227.496615,  -56809.749074,  1605.009549
P48-DIP-C04,  55051.314010,  -56630.951052,  1604.954810
P48-QUAD02-C03,  56204.265698,  -55779.444787,  1604.858338
P48-QUAD02-C04,  56050.888927,  -55641.985881,  1604.874762
P48-QUAD02-C02,  56240.996597,  -55738.411657,  1604.865124
P48-QUAD02-C01,  56087.450116,  -55601.049778,  1604.862792
P01-DIP-C04,  30337.698238,  -72920.145111,  1604.977668
P01-DIP-C03,  30435.791265,  -73151.252548,  1604.919649
P01-DIP-C02,  31478.304671,  -72708.780166,  1604.906690
P01-DIP-C01,  31379.940124,  -72477.791626,  1605.001290
P03-DIP-C01,  12369.429174,  -78004.767220,  1605.096234
P03-DIP-C02,  12407.188696,  -78252.943532,  1605.061906
P03-DIP-C03,  11287.639323,  -78422.149468,  1605.037795
P03-DIP-C04,  11250.179057,  -78173.933283,  1605.014544
P03-QUAD01-C03,  16621.961183,  -77311.162650,  1604.990906
P03-QUAD01-C04,  16578.345270,  -77109.793844,  1604.934111
P03-QUAD01-C02,  16800.363209,  -77272.775449,  1604.955247
P03-QUAD01-C01,  16756.586524,  -77071.430291,  1604.957726
P04-DIP-C01,  2494.994515,  -78939.822410,  1605.110889
P04-DIP-C02,  2501.444992,  -79190.821929,  1605.118458
P04-DIP-C03,  1370.005553,  -79218.306465,  1605.095531
P04-DIP-C04,  1363.868915,  -78967.358950,  1605.067362
P04-QUAD01-C02,  6983.050992,  -78769.077285,  1605.035315
P04-QUAD01-C01,  6965.247620,  -78563.816677,  1605.050437
P04-QUAD01-C04,  6783.196801,  -78579.671354,  1605.099975
P04-QUAD01-C03,  6801.439431,  -78784.893317,  1605.105119
P04-QUAD02-C02,  2842.680863,  -79131.380816,  1605.158386
P04-QUAD02-C01,  2825.021840,  -78926.124588,  1605.183673
P04-QUAD02-C03,  2787.679597,  -79136.068099,  1605.160753
P04-QUAD02-C04,  2770.001095,  -78930.822012,  1605.141835
P05-DIP-C02,  -7443.337050,  -78879.919133,  1605.011788
P05-DIP-C01,  -7418.177336,  -78630.174091,  1605.021327
P05-DIP-C03,  -8569.394582,  -78765.421897,  1605.023864
P05-DIP-C04,  -8544.081736,  -78515.697263,  1605.027517
P05-QUAD01-C02,  -2944.426235,  -79022.963368,  1605.087803
P05-QUAD01-C01,  -2936.644509,  -78817.082320,  1605.037306
P05-QUAD01-C03,  -3127.092345,  -79015.907053,  1605.074701
P05-QUAD01-C04,  -3119.121110,  -78810.017813,  1604.976504
P06-DIP-C02,  -17270.690767,  -77325.085440,  1604.967212
P06-DIP-C01,  -17214.273434,  -77080.491864,  1604.989134
P06-DIP-C03,  -18374.370094,  -77070.285095,  1604.918905
P06-DIP-C04,  -18317.870625,  -76825.717635,  1604.920293
P06-QUAD01-C03,  -13005.547861,  -78000.984474,  1605.036574
P06-QUAD01-C04,  -12971.795014,  -77797.733332,  1604.986228
P06-QUAD01-C02,  -12825.624419,  -78030.782863,  1604.971914
P06-QUAD01-C01,  -12791.808785,  -77827.530820,  1604.942949
P06-QUAD02-C02,  -16926.074646,  -77351.947242,  1604.956565
P06-QUAD02-C03,  -16980.543701,  -77342.846155,  1604.984091
P06-QUAD02-C04,  -16946.538722,  -77139.625415,  1604.957787
P06-QUAD02-C01,  -16892.130019,  -77148.719418,  1604.967152
P10-QUAD02-C03,  -52140.481482,  -59595.610736,  1604.951754
P10-QUAD02-C04,  -52013.096191,  -59433.714908,  1604.965837
P10-QUAD02-C02,  -52097.392632,  -59629.537643,  1604.967390
P10-QUAD02-C01,  -51969.971148,  -59467.650745,  1604.976324
P12-DIP-C01,  -65314.236153,  -44404.812629,  1604.966811
P12-DIP-C02,  -65522.695453,  -44544.673138,  1604.996438
P12-DIP-C03,  -66152.346925,  -43603.945661,  1604.970534
P12-DIP-C04,  -65943.727439,  -43464.392324,  1604.994856
P12-QUAD02-C02,  -65289.002894,  -44801.648723,  1605.051508
P12-QUAD02-C01,  -65125.267156,  -44676.481305,  1605.056024
P12-QUAD02-C04,  -65158.658931,  -44632.837113,  1605.007817
P12-QUAD02-C03,  -65322.460767,  -44757.821026,  1605.042502
P13-DIP-C02,  -70588.852625,  -35981.381865,  1605.003347
P13-DIP-C01,  -70364.592318,  -35868.633857,  1605.048224
P13-DIP-C03,  -71095.652345,  -34969.329215,  1605.036378
P13-DIP-C04,  -70871.262242,  -34856.835415,  1605.024257
P13-QUAD01-C02,  -68299.219044,  -39856.485011,  1605.024546
P13-QUAD01-C03,  -68391.063644,  -39698.910020,  1604.988231
P13-QUAD01-C04,  -68213.083678,  -39595.120612,  1604.950792
P13-QUAD01-C01,  -68121.065900,  -39752.955044,  1605.020757
P14-DIP-C02,  -74541.622683,  -26851.327786,  1605.000172
P14-DIP-C01,  -74304.936298,  -26767.575823,  1605.030218
P14-DIP-C03,  -74918.168828,  -25781.962293,  1605.005830
P14-DIP-C04,  -74681.359253,  -25698.641731,  1604.969816
P14-QUAD01-C04,  -72637.454827,  -30733.785539,  1605.072270
P14-QUAD01-C03,  -72827.107256,  -30814.333461,  1605.049915
P14-QUAD01-C02,  -72756.024156,  -30982.363478,  1605.016322
P14-QUAD01-C01,  -72566.476878,  -30901.548621,  1605.083913
P14-QUAD02-C01,  -74190.504533,  -27075.126393,  1605.238033
P14-QUAD02-C02,  -74380.165751,  -27155.463178,  1605.196612
P14-QUAD02-C03,  -74401.646549,  -27104.742411,  1605.197034
P14-QUAD02-C04,  -74212.000025,  -27024.249180,  1605.220241
P15-DIP-C03,  -77558.572432,  -16189.625379,  1605.108450
P15-DIP-C04,  -77313.232367,  -16136.492417,  1605.064746
P15-DIP-C02,  -77319.289901,  -17296.303302,  1605.095500
P15-DIP-C01,  -77073.973733,  -17243.036689,  1605.045124
P15-QUAD01-C01,  -75866.981191,  -21563.069559,  1605.054103
P15-QUAD01-C02,  -76065.270962,  -21619.093441,  1605.054393
P15-QUAD01-C03,  -76114.962968,  -21443.581527,  1605.117699
P15-QUAD01-C04,  -75916.706742,  -21387.417134,  1605.051171
P16-QUAD01-C03,  -78202.356346,  -11734.765218,  1605.081774
P16-QUAD01-C04,  -77998.682080,  -11703.928511,  1605.030232
P16-QUAD01-C02,  -78175.118382,  -11915.441679,  1605.058622
P16-QUAD01-C01,  -77971.496680,  -11884.306580,  1605.051250
P17-QUAD01-C02,  -79051.961724,  -2023.216473,  1604.962954
P17-QUAD01-C01,  -78845.975747,  -2018.380775,  1604.950735
P17-QUAD01-C03,  -79056.443399,  -1840.866723,  1605.013359
P17-QUAD01-C04,  -78850.453742,  -1835.758959,  1604.945199
P18-QUAD02-C02,  -78262.294728,  12033.712067,  1605.005847
P18-QUAD02-C01,  -78057.385225,  12012.531733,  1605.048321
P18-QUAD02-C03,  -78256.640936,  12088.471676,  1605.011398
P18-QUAD02-C04,  -78051.720904,  12067.359601,  1605.016128
P18-DIP-C02,  -78257.025315,  12381.006381,  1604.849579
P18-DIP-C01,  -78009.354129,  12340.220112,  1604.970299
P18-DIP-C03,  -78071.923316,  13499.028999,  1604.947776
P18-DIP-C04,  -77824.277436,  13457.925915,  1604.901956
P19-DIP-C02,  -76087.919543,  22092.213499,  1604.956448
P19-DIP-C01,  -75847.342771,  22020.578462,  1605.008919
P19-DIP-C03,  -75764.565749,  23176.671924,  1604.984144
P19-DIP-C04,  -75523.949459,  23105.052497,  1605.029467
P19-QUAD01-C04,  -76829.820534,  17831.267020,  1605.003404
P19-QUAD01-C03,  -77030.565331,  17877.553656,  1605.020828
P19-QUAD01-C01,  -76871.020595,  17653.450305,  1604.952825
P19-QUAD01-C02,  -77071.802246,  17699.707840,  1604.966269
P20-DIP-C03,  -72262.289681,  32490.051901,  1605.038386
P20-DIP-C04,  -72032.526948,  32388.838944,  1604.985971
P20-DIP-C02,  -72719.050366,  31454.405831,  1605.031429
P20-DIP-C01,  -72489.336522,  31353.289822,  1605.032138
P20-QUAD02-C01,  -72617.254757,  31048.080957,  1605.247403
P20-QUAD02-C02,  -72810.482714,  31119.586186,  1605.229975
P20-QUAD02-C03,  -72791.386243,  31171.203938,  1605.232538
P20-QUAD02-C04,  -72598.095248,  31099.838195,  1605.192964
P20-QUAD01-C04,  -73989.127230,  27319.872600,  1605.107883
P20-QUAD01-C03,  -74182.505493,  27391.011606,  1605.090429
P20-QUAD01-C02,  -74245.572043,  27219.752833,  1605.086918
P20-QUAD01-C01,  -74052.189179,  27148.636992,  1605.028868
P21-DIP-C03,  -67620.624386,  41290.463702,  1605.013430
P21-DIP-C04,  -67405.403540,  41161.098505,  1604.973975
P21-DIP-C02,  -68203.327445,  40320.633421,  1604.942378
P21-DIP-C01,  -67987.834079,  40191.803967,  1605.017787
P21-QUAD01-C02,  -70248.684273,  36310.422066,  1604.960009
P21-QUAD01-C01,  -70065.647306,  36215.810865,  1604.986245
P21-QUAD01-C03,  -70164.505593,  36472.551234,  1604.975322
P21-QUAD01-C04,  -69981.593233,  36377.714174,  1604.961217
P22-DIP-C04,  -61714.846081,  49284.986566,  1604.980275
P22-DIP-C03,  -61912.164528,  49440.157295,  1605.063463
P22-DIP-C02,  -62612.069865,  48550.678448,  1605.008288
P22-DIP-C01,  -62414.727924,  48395.582261,  1605.030948
P22-QUAD02-C03,  -62752.531564,  48294.646285,  1604.889778
P22-QUAD02-C04,  -62582.911553,  48177.682991,  1604.886157
P22-QUAD02-C02,  -62783.968236,  48249.258393,  1604.873377
P22-QUAD02-C01,  -62614.406584,  48132.248304,  1604.905167
P22-QUAD01-C02,  -65143.750849,  44828.831029,  1604.935413
P22-QUAD01-C01,  -64974.179176,  44711.776793,  1604.949256
P22-QUAD01-C04,  -64870.513550,  44861.925736,  1604.903323
P22-QUAD01-C03,  -65040.169570,  44978.893389,  1604.887452
P23-QUAD01-C03,  -58889.853777,  52775.911919,  1605.034763
P23-QUAD01-C04,  -58736.165963,  52638.675565,  1605.024706
P23-QUAD01-C02,  -59011.315425,  52640.012424,  1605.039449
P23-QUAD01-C01,  -58857.967786,  52502.450503,  1605.063348
P23-DIP-C02,  -56033.254686,  56015.358827,  1604.995761
P23-DIP-C01,  -55856.908210,  55836.725460,  1605.077574
P23-DIP-C03,  -55227.679217,  56809.773121,  1605.030982
P23-DIP-C04,  -55051.363783,  56631.074194,  1605.034124
P25-DIP-C03,  -39364.085828,  68759.667136,  1605.109061
P25-DIP-C04,  -39237.814135,  68542.662764,  1605.039489
P25-DIP-C02,  -40342.792090,  68189.996088,  1605.098668
P25-DIP-C01,  -40216.384826,  67973.051858,  1605.081130
P25-QUAD01-C02,  -44066.417315,  65661.749338,  1605.005573
P25-QUAD01-C03,  -43914.873041,  65763.204467,  1605.027197
P25-QUAD01-C04,  -43800.164276,  65592.042046,  1605.025185
P25-QUAD01-C01,  -43951.789731,  65490.540526,  1605.048399
P26-QUAD01-C02,  -35489.601373,  70666.941188,  1605.018175
P26-QUAD01-C01,  -35397.230459,  70482.799452,  1605.045739
P26-QUAD01-C03,  -35326.273462,  70748.734305,  1605.012375
P26-QUAD01-C04,  -35234.120903,  70564.492515,  1605.046494
P27-DIP-C01,  -22048.382980,  75839.307497,  1604.938121
P27-DIP-C02,  -22116.993392,  76080.761007,  1604.914660
P27-DIP-C03,  -21027.825002,  76388.911453,  1604.931588
P27-DIP-C04,  -20959.432205,  76147.380814,  1604.916187
P28-DIP-C03,  -11287.967624,  78422.064171,  1604.962663
P28-DIP-C04,  -11250.485729,  78173.865020,  1604.962192
P28-DIP-C02,  -12406.882580,  78252.775440,  1604.968196
P28-DIP-C01,  -12369.235925,  78004.602187,  1604.988179
P28-QUAD02-C01,  -12695.293795,  77949.258855,  1604.706462
P28-QUAD02-C02,  -12738.462158,  78150.725496,  1604.668963
P28-QUAD02-C03,  -12684.520920,  78162.272809,  1604.701410
P28-QUAD02-C04,  -12641.284555,  77960.876038,  1604.683983
P28-QUAD01-C01,  -16756.773209,  77071.264651,  1605.017310
P28-QUAD01-C02,  -16800.541576,  77272.626574,  1605.002381
P28-QUAD01-C03,  -16621.894380,  77311.200320,  1604.991227
P28-QUAD01-C04,  -16578.241163,  77109.848597,  1604.965763
P29-DIP-C04,  -1363.615564,  78967.498994,  1604.954505
P29-DIP-C03,  -1369.775349,  79218.440082,  1604.963978
P29-DIP-C02,  -2501.832630,  79190.874282,  1604.978445
P29-DIP-C01,  -2495.386464,  78939.845696,  1605.043258
P30-QUAD02-C02,  7097.480117,  78863.286723,  1605.070828
P30-QUAD02-C01,  7089.536824,  78657.438649,  1605.063740
P30-QUAD02-C04,  7144.703086,  78655.215080,  1605.036542
P30-QUAD02-C03,  7152.625671,  78861.074294,  1605.096495
P31-DIP-C03,  18373.965036,  77070.256086,  1604.999913
P31-DIP-C04,  18317.416333,  76825.635638,  1604.963524
P31-DIP-C01,  17214.531128,  77080.350272,  1604.954392
P31-DIP-C02,  17270.742752,  77325.047757,  1604.953247
P31-QUAD01-C02,  12825.375005,  78031.040918,  1604.982974
P31-QUAD01-C01,  12791.857048,  77827.752751,  1605.056911
P31-QUAD01-C04,  12971.845199,  77797.965873,  1605.024798
P31-QUAD01-C03,  13005.627204,  78001.198189,  1604.982532
P32-DIP-C01,  26739.626134,  74314.970011,  1604.990469
P32-DIP-C02,  26825.941393,  74550.734017,  1605.030534
P32-DIP-C03,  27888.582780,  74159.619206,  1605.039346
P32-DIP-C04,  27801.943694,  73923.983162,  1605.016102
P32-QUAD02-C01,  26428.340257,  74423.360659,  1604.999213
P32-QUAD02-C02,  26487.212920,  74620.788467,  1605.023390
P32-QUAD02-C03,  26539.854733,  74605.076323,  1605.024591
P32-QUAD02-C04,  26481.217728,  74407.558553,  1604.976785
P32-QUAD01-C03,  22678.869066,  75756.150787,  1604.968094
P32-QUAD01-C04,  22620.055879,  75558.656356,  1604.995130
P32-QUAD01-C02,  22504.109480,  75808.225491,  1604.947878
P32-QUAD01-C01,  22445.119250,  75610.803924,  1605.026159
P33-QUAD01-C01,  31744.762034,  72201.378891,  1604.993540
P33-QUAD01-C02,  31828.195599,  72389.777019,  1604.995958
P33-QUAD01-C03,  31994.925716,  72316.376141,  1605.039168
P33-QUAD01-C04,  31911.904123,  72127.832362,  1605.013127
P33-DIP-C03,  36962.908510,  70079.793847,  1604.940357
P33-DIP-C04,  36847.444734,  69856.897765,  1604.955851
P33-DIP-C02,  35958.427232,  70600.485965,  1604.979980
P33-DIP-C01,  35843.033405,  70377.560734,  1605.013868
P34-DIP-C03,  45455.099178,  64894.278037,  1605.026998
P34-DIP-C04,  45312.587362,  64687.606510,  1605.013680
P34-DIP-C01,  44381.181808,  65330.191738,  1605.071462
P34-DIP-C02,  44523.502575,  65536.978309,  1605.050275
P34-QUAD01-C03,  40806.242924,  67736.053601,  1605.020795
P34-QUAD01-C04,  40700.221267,  67559.372825,  1605.036865
P34-QUAD01-C02,  40649.981477,  67829.940307,  1605.002920
P34-QUAD01-C01,  40543.723235,  67653.386241,  1605.059004
P34-QUAD02-C02,  44212.190537,  65689.542059,  1605.016963
P34-QUAD02-C01,  44105.961709,  65512.996124,  1605.073802
P34-QUAD02-C04,  44153.087528,  65484.615171,  1605.053929
P34-QUAD02-C03,  44259.430770,  65661.064653,  1605.042666
P35-DIP-C01,  52219.309988,  59252.681876,  1605.066201
P35-DIP-C02,  52386.438112,  59439.934834,  1605.062665
P35-DIP-C03,  53229.978816,  58685.659821,  1605.035210
P35-DIP-C04,  53062.702665,  58498.529281,  1605.028994
P36-QUAD01-C02,  56241.479017,  55589.782456,  1604.912253
P36-QUAD01-C01,  56094.840858,  55445.055847,  1604.946450
P36-QUAD01-C03,  56369.511676,  55459.785392,  1604.998781
P36-QUAD01-C04,  56222.943336,  55314.983217,  1604.988214
P37-QUAD01-C01,  62601.560865,  47977.289610,  1604.940974
P37-QUAD01-C02,  62765.298864,  48102.350482,  1604.925003
P37-QUAD01-C03,  62875.945826,  47957.634236,  1604.970776
P37-QUAD01-C04,  62712.293247,  47832.459664,  1604.929608
P38-DIP-C02,  70588.914869,  35981.097742,  1604.967808
P38-DIP-C01,  70364.594033,  35868.475952,  1604.983039
P38-DIP-C03,  71095.627409,  34969.204334,  1604.984222
P38-DIP-C04,  70871.197863,  34856.834718,  1604.991026
P38-QUAD02-C03,  70417.195684,  36217.079259,  1605.012271
P38-QUAD02-C04,  70239.110071,  36113.516963,  1604.989230
P38-QUAD02-C01,  70211.495284,  36161.071247,  1605.011044
P38-QUAD02-C02,  70389.507459,  36264.743169,  1605.014995
P39-DIP-C04,  74681.009658,  25699.429758,  1604.919546
P39-DIP-C03,  74917.785259,  25782.858243,  1604.939481
P39-DIP-C02,  74541.782965,  26850.479434,  1604.973318
P39-DIP-C01,  74305.154461,  26766.807296,  1604.975849
P40-QUAD02-C02,  77196.827773,  17620.156704,  1604.931451
P40-QUAD02-C01,  76998.598316,  17564.036870,  1604.997509
P40-QUAD02-C03,  77211.789105,  17567.160284,  1604.924019
P40-QUAD02-C04,  77013.541278,  17511.108045,  1604.970693
P41-QUAD01-C02,  78175.150585,  11915.462615,  1605.036303
P41-QUAD01-C01,  77971.537990,  11884.558128,  1605.115597
P41-QUAD01-C03,  78202.302891,  11734.719357,  1605.098262
P41-QUAD01-C04,  77998.608807,  11703.806421,  1605.096691
P42-DIP-C01,  78940.627577,  -2466.551866,  1604.903588
P42-DIP-C02,  79191.414948,  -2475.908149,  1604.957935
P42-DIP-C03,  79147.964191,  -3606.765531,  1604.978749
P42-DIP-C04,  78897.193101,  -3597.103850,  1604.916280
P42-QUAD01-C01,  78846.020477,  2018.105631,  1605.044879
P42-QUAD01-C02,  79052.012685,  2022.935409,  1605.014615
P42-QUAD01-C03,  79056.505209,  1840.806024,  1605.008791
P42-QUAD01-C04,  78850.541922,  1835.788790,  1604.996723
P42-QUAD02-C01,  78947.430783,  -2136.352429,  1604.876954
P42-QUAD02-C02,  79153.367088,  -2131.662224,  1604.907833
P42-QUAD02-C03,  79154.662957,  -2186.724127,  1604.921496
P42-QUAD02-C04,  78948.739755,  -2191.385178,  1604.859064
P43-QUAD01-C03,  78663.712567,  -8082.092177,  1605.015772
P43-QUAD01-C04,  78458.759252,  -8061.475394,  1605.059790
P43-QUAD01-C02,  78682.341200,  -7900.253443,  1605.071669
P43-QUAD01-C01,  78477.381742,  -7879.872617,  1605.135039
P44-DIP-C04,  75524.039967,  -23105.014706,  1605.025662
P44-DIP-C03,  75764.623299,  -23176.661022,  1605.069122
P44-DIP-C02,  76087.945200,  -22092.232726,  1604.978267
P44-DIP-C01,  75847.266959,  -22020.710268,  1604.995557
P44-QUAD02-C02,  76136.794275,  -21749.100521,  1605.010746
P44-QUAD02-C01,  75936.028962,  -21702.762867,  1605.032940
P44-QUAD02-C04,  75923.543519,  -21756.556874,  1605.017524
P44-QUAD02-C03,  76124.348053,  -21802.824486,  1605.008392
P44-QUAD01-C02,  77071.706508,  -17699.754480,  1604.931666
P44-QUAD01-C01,  76870.954935,  -17653.401179,  1604.987699
P44-QUAD01-C03,  77030.661008,  -17877.304559,  1604.934376
P44-QUAD01-C04,  76829.844898,  -17831.166941,  1604.924419
P45-DIP-C04,  72032.747501,  -32388.568100,  1605.031658
P45-DIP-C03,  72262.338777,  -32489.886246,  1604.999305
P45-DIP-C02,  72719.086469,  -31454.194682,  1605.016198
P45-DIP-C01,  72489.321596,  -31353.234174,  1605.009761
P45-QUAD01-C02,  74245.512721,  -27219.806480,  1605.095817
P45-QUAD01-C01,  74052.137722,  -27148.690962,  1605.094092
P45-QUAD01-C03,  74182.502765,  -27391.167784,  1605.161307
P45-QUAD01-C04,  73989.087562,  -27320.082358,  1605.100864
P46-DIP-C03,  67620.340402,  -41290.790622,  1605.071878
P46-DIP-C04,  67405.181372,  -41161.462454,  1605.035820
P46-DIP-C02,  68203.612650,  -40320.322632,  1605.067948
P46-DIP-C01,  67988.256836,  -40191.277827,  1605.093647
P46-QUAD02-C02,  68336.079436,  -40000.648799,  1605.105241
P46-QUAD02-C01,  68153.287241,  -39905.549820,  1605.124199
P46-QUAD02-C04,  68127.823851,  -39954.553480,  1605.106755
P46-QUAD02-C03,  68310.692974,  -40049.512256,  1605.107544
P46-QUAD01-C02,  70248.512313,  -36310.803210,  1605.011174
P46-QUAD01-C01,  70065.672849,  -36215.820972,  1605.054430
P46-QUAD01-C03,  70164.671839,  -36472.475315,  1605.007645
P46-QUAD01-C04,  69981.711687,  -36377.764294,  1605.025463
P49-DIP-C03,  47671.154890,  -63284.337018,  1605.015605
P49-DIP-C04,  47518.655321,  -63084.899830,  1605.020374
P49-DIP-C02,  48571.559386,  -62595.999119,  1604.893521
P49-DIP-C01,  48418.962262,  -62396.623694,  1604.953570
P50-QUAD01-C02,  44066.521121,  -65661.809781,  1604.877534
P50-QUAD01-C01,  43952.171851,  -65490.425546,  1604.889875
P50-QUAD01-C03,  43915.141387,  -65763.192306,  1604.899210
P50-QUAD01-C04,  43800.471867,  -65592.023275,  1604.866816
P08-QUAD01-C03,  -31994.938986,  -72316.327843,  1605.017916
P08-QUAD01-C04,  -31911.911803,  -72127.759696,  1604.977548
P08-QUAD01-C01,  -31744.772377,  -72201.410013,  1604.943984
P08-QUAD01-C02,  -31828.040597,  -72389.859632,  1604.947413
P09-QUAD01-C02,  -40649.902185,  -67830.028581,  1604.904666
P09-QUAD01-C01,  -40543.882752,  -67653.364007,  1604.932867
P09-QUAD01-C03,  -40806.328949,  -67735.984670,  1604.939360
P09-QUAD01-C04,  -40700.320254,  -67559.295712,  1604.903354
P11-QUAD01-C02,  -56241.423458,  -55589.632093,  1605.004651
P11-QUAD01-C01,  -56094.709320,  -55444.980145,  1605.021778
P11-QUAD01-C03,  -56369.468197,  -55459.783516,  1605.036945
P11-QUAD01-C04,  -56222.881730,  -55315.026085,  1604.999630
P12-QUAD01-C04,  -62712.449852,  -47832.462212,  1605.010502
P12-QUAD01-C03,  -62876.182404,  -47957.562593,  1605.003495
P12-QUAD01-C02,  -62765.224954,  -48102.542535,  1605.011031
P12-QUAD01-C01,  -62601.502842,  -47977.430015,  1605.031825
P24-QUAD01-C02,  -51948.644018,  59620.980382,  1604.956408
P24-QUAD01-C01,  -51813.425873,  59465.511016,  1604.998297
P24-QUAD01-C03,  -51810.955291,  59740.537877,  1604.967772
P24-QUAD01-C04,  -51675.751208,  59585.071873,  1604.989511
P27-QUAD01-C03,  -26180.450683,  74618.282539,  1605.071931
P27-QUAD01-C04,  -26112.003606,  74423.966277,  1605.035731
P27-QUAD01-C02,  -26352.734963,  74557.759938,  1605.028103
P27-QUAD01-C01,  -26284.241104,  74363.416887,  1605.034429
P29-QUAD01-C03,  -6801.318217,  78784.876304,  1604.982438
P29-QUAD01-C04,  -6783.435276,  78579.629621,  1604.956307
P29-QUAD01-C01,  -6965.050774,  78563.722844,  1604.971343
P29-QUAD01-C02,  -6983.206115,  78768.930946,  1604.963450
P30-QUAD01-C04,  3118.984866,  78810.220218,  1605.103998
P30-QUAD01-C03,  3126.702913,  79016.121745,  1605.075183
P30-QUAD01-C02,  2944.700722,  79023.023541,  1605.049103
P30-QUAD01-C01,  2936.593173,  78817.151699,  1605.087753
P38-QUAD01-C02,  68299.194398,  39856.790374,  1605.023048
P38-QUAD01-C01,  68121.302873,  39752.843303,  1605.046558
P38-QUAD01-C04,  68212.787700,  39595.112169,  1605.024251
P38-QUAD01-C03,  68390.724671,  39698.987902,  1605.012831
P39-QUAD01-C03,  72827.155357,  30814.294034,  1605.001888
P39-QUAD01-C04,  72637.608546,  30733.542431,  1605.014166
P39-QUAD01-C01,  72566.290674,  30901.790545,  1605.020123
P39-QUAD01-C02,  72756.003116,  30982.177236,  1604.949072
P48-QUAD01-C03,  58889.989861,  -52775.970156,  1604.944171
P48-QUAD01-C01,  58857.940139,  -52502.754435,  1604.973978
P48-QUAD01-C02,  59011.457866,  -52640.144635,  1604.922119
P48-QUAD01-C04,  58736.379479,  -52638.729987,  1604.965791
P37-DIP-C02,  65522.737330,  44544.334841,  1604.976458
P37-DIP-C01,  65314.160397,  44404.645316,  1604.996205
P37-DIP-C03,  66152.173004,  43604.046102,  1605.015960
P37-DIP-C04,  65943.584539,  43464.426050,  1604.994851
P40-DIP-C03,  77558.615258,  16189.864399,  1605.049742
P40-DIP-C04,  77313.226804,  16136.869172,  1605.066722
P40-DIP-C01,  77074.145712,  17242.351669,  1605.067127
P40-DIP-C02,  77319.410066,  17295.809799,  1604.981432
P40-QUAD01-C03,  76114.914334,  21443.695980,  1604.933987
P40-QUAD01-C04,  75916.692574,  21387.552770,  1604.894708
P40-QUAD01-C01,  75867.262830,  21562.940812,  1604.935607
P40-QUAD01-C02,  76065.443312,  21619.292976,  1604.883634
P49-QUAD01-C02,  51948.888957,  -59620.862504,  1604.956267
P49-QUAD01-C01,  51813.626594,  -59465.485874,  1604.993694
P49-QUAD01-C04,  51675.647257,  -59585.159435,  1605.059624
P49-QUAD01-C03,  51810.999463,  -59740.484867,  1605.070926
P02-DIP-C02,  22116.816375,  -76080.769934,  1605.010982
P02-DIP-C01,  22048.322776,  -75839.299617,  1604.980227
P02-DIP-C03,  21027.824183,  -76388.888192,  1605.040714
P02-DIP-C04,  20959.420869,  -76147.339611,  1604.977343
P02-QUAD02-C02,  22432.300541,  -75938.186595,  1605.085951
P02-QUAD02-C01,  22364.135826,  -75743.738944,  1605.065476
P02-QUAD02-C04,  22312.244344,  -75761.899804,  1605.040443
P02-QUAD02-C03,  22380.395626,  -75956.344446,  1605.090271
P02-QUAD01-C01,  26284.265909,  -74363.249766,  1605.001977
P02-QUAD01-C02,  26352.474542,  -74557.683146,  1604.972581
P02-QUAD01-C03,  26180.484248,  -74618.573953,  1604.971073
P02-QUAD01-C04,  26112.254303,  -74424.136102,  1604.977844
P47-QUAD01-C02,  65143.603329,  -44828.889327,  1604.978122
P47-QUAD01-C01,  64974.035358,  -44711.824874,  1604.957381
P47-QUAD01-C04,  64870.479930,  -44861.856146,  1604.939413
P47-QUAD01-C03,  65040.058234,  -44978.894220,  1604.993494
P01-QUAD01-C02,  35489.343340,  -70666.879676,  1605.020166
P01-QUAD01-C01,  35397.260978,  -70482.558487,  1604.996327
P01-QUAD01-C04,  35233.751889,  -70564.473601,  1604.988568
P01-QUAD01-C03,  35326.049668,  -70748.673540,  1605.050425
P50-DIP-C02,  40342.724282,  -68190.153254,  1604.919601
P50-DIP-C01,  40216.291351,  -67973.296510,  1604.930759
P50-DIP-C03,  39364.313588,  -68759.473395,  1604.995370
P50-DIP-C04,  39237.986006,  -68542.562386,  1604.950852
P50-QUAD02-C02,  40615.577439,  -67972.372892,  1604.655134
P50-QUAD02-C01,  40501.367010,  -67800.876246,  1604.698490
P50-QUAD02-C04,  40455.356318,  -67831.526997,  1604.677156
P50-QUAD02-C03,  40569.815324,  -68002.841893,  1604.687018
P07-QUAD01-C01,  -22445.196353,  -75610.724112,  1604.976496
P07-QUAD01-C02,  -22504.409358,  -75808.033850,  1604.992622
P07-QUAD01-C03,  -22678.985533,  -75756.160786,  1605.040067
P07-QUAD01-C04,  -22620.330652,  -75558.654804,  1604.987452
P10-QUAD01-C01,  -48703.471038,  -62038.445875,  1605.018177
P10-QUAD01-C02,  -48830.896070,  -62200.369617,  1604.984486
P10-QUAD01-C03,  -48974.189759,  -62087.638673,  1604.983199
P10-QUAD01-C04,  -48846.803503,  -61925.683297,  1605.006620
