P01-DIP-C01	31380.169181	-72478.482667	1604.174810
P01-DIP-C02	30337.931033	-72920.817514	1604.191824
P01-DIP-C03	30435.977756	-73151.866362	1604.133914
P01-DIP-C04	31478.517358	-72709.446248	1604.043838
P02-DIP-C01	22048.421169	-75838.784612	1604.824215
P02-DIP-C02	20959.659368	-76148.057126	1604.142745
P02-DIP-C03	21028.070960	-76389.559037	1604.142227
P02-DIP-C04	22117.114399	-76081.444528	1604.110109
P03-DIP-C01	12369.023438	-78004.835908	1604.027906
P03-DIP-C02	11249.768243	-78173.860109	1604.019347
P03-DIP-C03	11287.215672	-78422.030320	1603.978284
P03-DIP-C04	12406.766915	-78252.946494	1603.940407
P04-DIP-C01	2495.262733	-78939.863587	1604.207922
P04-DIP-C02	1364.112695	-78967.627507	1604.225522
P04-DIP-C03	1370.296222	-79218.613920	1604.253571
P04-DIP-C04	2501.770655	-79190.824950	1604.206667
P05-DIP-C01	-7418.416213	-78630.235748	1604.531396
P05-DIP-C02	-8544.368659	-78515.955193	1604.609404
P05-DIP-C03	-8569.626641	-78765.675886	1604.542633
P05-DIP-C04	-7443.586866	-78879.987303	1604.482162
P06-DIP-C01	-17214.010372	-77080.386539	1604.666345
P06-DIP-C02	-18317.573236	-76825.579045	1604.689901
P06-DIP-C03	-18374.064695	-77070.131501	1604.762303
P06-DIP-C04	-17270.405015	-77324.916926	1604.743658
P07-DIP-C01	-26739.327951	-74314.799414	1605.042577
P07-DIP-C02	-27801.460188	-73923.978127	1605.096691
P07-DIP-C03	-27888.083079	-74159.575052	1605.088163
P07-DIP-C04	-26825.679055	-74550.486683	1604.962857
P08-DIP-C01	-35842.800646	-70377.390415	1604.893867
P08-DIP-C02	-36847.589560	-69856.638614	1604.986198
P08-DIP-C03	-36962.980199	-70079.414574	1604.942087
P08-DIP-C04	-35958.182569	-70600.329553	1604.887819
P09-DIP-C01	-44380.535987	-65330.313599	1605.241338
P09-DIP-C02	-45312.624271	-64687.314426	1605.208083
P09-DIP-C03	-45455.057335	-64893.970471	1605.168666
P09-DIP-C04	-44522.884446	-65537.019996	1605.201980
P10-DIP-C01	-52219.154292	-59252.589868	1605.101969
P10-DIP-C02	-53062.554696	-58498.519288	1604.914990
P10-DIP-C03	-53229.852312	-58685.576842	1604.932622
P10-DIP-C04	-52386.261645	-59439.892483	1604.988098
P11-DIP-C01	-59233.945205	-52240.855210	1604.805376
P11-DIP-C02	-59975.791356	-51387.353086	1604.759261
P11-DIP-C03	-60165.010628	-51552.289870	1604.736269
P11-DIP-C04	-59423.343205	-52405.586915	1604.749829
P12-DIP-C01	-65314.146737	-44405.319236	1604.311004
P12-DIP-C02	-65943.783882	-43464.996226	1604.565538
P12-DIP-C03	-66152.371014	-43604.578796	1604.666774
P12-DIP-C04	-65522.550822	-44545.214879	1604.518970
P13-DIP-C01	-70364.819094	-35868.954978	1604.269465
P13-DIP-C02	-70871.542300	-34857.245936	1604.262156
P13-DIP-C03	-71095.921838	-34969.704523	1604.213187
P13-DIP-C04	-70589.064693	-35981.760495	1604.190089
P14-DIP-C01	-74305.130481	-26767.870789	1604.377281
P14-DIP-C02	-74681.575951	-25698.941512	1604.406103
P14-DIP-C03	-74918.389844	-25782.273466	1604.387444
P14-DIP-C04	-74541.811739	-26851.605378	1604.259548
P15-DIP-C01	-77074.464027	-17243.236901	1604.844253
P15-DIP-C02	-77313.631467	-16136.691992	1604.780322
P15-DIP-C03	-77558.956547	-16189.805800	1604.719132
P15-DIP-C04	-77319.746389	-17296.448195	1604.761182
P16-DIP-C01	-78627.830605	-7447.629164	1604.805411
P16-DIP-C02	-78726.606698	-6319.871773	1604.941547
P16-DIP-C03	-78976.573512	-6341.860170	1604.923987
P16-DIP-C04	-78877.853409	-7469.637577	1604.822338
P17-DIP-C01	-78941.093693	2466.263391	1605.156576
P17-DIP-C02	-78897.664232	3596.984337	1605.126560
P17-DIP-C03	-79148.469682	3606.506571	1605.109329
P17-DIP-C04	-79191.913378	2475.830687	1605.103713
P18-DIP-C01	-78009.425214	12340.151634	1605.359616
P18-DIP-C02	-77824.409609	13457.873092	1605.384066
P18-DIP-C03	-78072.067563	13498.895991	1605.431131
P18-DIP-C04	-78257.090960	12380.924157	1605.244727
P19-DIP-C01	-75847.288133	22020.663922	1605.224084
P19-DIP-C02	-75524.165533	23105.209589	1605.215672
P19-DIP-C03	-75764.750781	23176.756757	1605.154904
P19-DIP-C04	-76087.867973	22092.237296	1605.139484
P20-DIP-C01	-72489.319896	31353.318289	1605.232348
P20-DIP-C02	-72032.597078	32388.848931	1605.259109
P20-DIP-C03	-72262.313984	32490.034471	1605.269455
P20-DIP-C04	-72719.073903	31454.442444	1605.196960
P21-DIP-C01	-67988.074657	40192.182589	1604.978138
P21-DIP-C02	-67405.639582	41161.495915	1604.852995
P21-DIP-C03	-67620.819778	41290.827610	1604.823832
P21-DIP-C04	-68203.535742	40321.001003	1604.824799
P22-DIP-C01	-62415.080449	48395.853436	1605.085817
P22-DIP-C02	-61715.269729	49285.242186	1605.038018
P22-DIP-C03	-61912.533491	49440.437733	1605.002367
P22-DIP-C04	-62612.440709	48550.937257	1604.953886
P23-DIP-C01	-55857.060459	55837.204411	1605.093557
P23-DIP-C02	-55051.511167	56631.480958	1604.909140
P23-DIP-C03	-55227.751690	56810.161718	1604.987421
P23-DIP-C04	-56033.358857	56015.843274	1605.105402
P24-DIP-C01	-48418.380217	62397.591773	1605.005542
P24-DIP-C02	-47519.413108	63085.018289	1604.952428
P24-DIP-C03	-47671.929392	63284.325805	1605.092707
P24-DIP-C04	-48570.993938	62596.855313	1605.046425
P25-DIP-C01	-40216.676133	67973.792742	1605.121092
P25-DIP-C02	-39238.174051	68543.400413	1605.033297
P25-DIP-C03	-39364.435678	68760.365047	1604.996119
P25-DIP-C04	-40343.075953	68190.717099	1605.021327
P26-DIP-C01	-31379.468120	72478.950071	1605.116348
P26-DIP-C02	-30338.824283	72920.516196	1604.937778
P26-DIP-C03	-30437.010516	73151.500843	1604.960749
P26-DIP-C04	-31477.968959	72709.629129	1604.910613
P27-DIP-C01	-22048.253292	75839.797446	1605.168538
P27-DIP-C02	-20959.376148	76147.975431	1605.266118
P27-DIP-C03	-21027.766103	76389.461468	1605.268849
P27-DIP-C04	-22116.873547	76081.233201	1605.148525
P28-DIP-C01	-12369.345049	78005.342046	1605.155218
P28-DIP-C02	-11250.634247	78174.651712	1605.153683
P28-DIP-C03	-11288.127121	78422.814572	1605.024442
P28-DIP-C04	-12407.019080	78253.493824	1605.007128
P29-DIP-C01	-2495.211181	78940.529880	1605.223275
P29-DIP-C02	-1363.402557	78968.349111	1605.259281
P29-DIP-C03	-1369.609049	79219.269402	1605.169953
P29-DIP-C04	-2501.698182	79191.452848	1605.093761
P30-DIP-C01	7418.197343	78630.936859	1605.431118
P30-DIP-C02	8543.987973	78516.576530	1605.402632
P30-DIP-C03	8569.327215	78766.255244	1605.386951
P30-DIP-C04	7443.300159	78880.665055	1605.363552
P31-DIP-C01	17214.809597	77081.169638	1605.303253
P31-DIP-C02	18317.723593	76826.661890	1605.265199
P31-DIP-C03	18374.213524	77071.263923	1605.228635
P31-DIP-C04	17270.948145	77325.853584	1605.259867
P32-DIP-C01	26739.924216	74315.923358	1605.309411
P32-DIP-C02	27802.123512	73924.915058	1605.271369
P32-DIP-C03	27888.842132	74160.480076	1605.274120
P32-DIP-C04	26826.270006	74551.653611	1605.356342
P33-DIP-C01	35843.216384	70378.009106	1605.317018
P33-DIP-C02	36847.609500	69857.424265	1605.318357
P33-DIP-C03	36963.064724	70080.305002	1605.287875
P33-DIP-C04	35958.546362	70600.900844	1605.253809
P34-DIP-C01	44381.284981	65330.570259	1605.768958
P34-DIP-C02	45312.831998	64688.117896	1605.738010
P34-DIP-C03	45455.257465	64894.807406	1605.741896
P34-DIP-C04	44523.556292	65537.357137	1605.739996
P35-DIP-C01	52219.520887	59252.878715	1605.709114
P35-DIP-C02	53062.811663	58498.687771	1605.639332
P35-DIP-C03	53230.072919	58685.799897	1605.680302
P35-DIP-C04	52386.657824	59440.047092	1605.757797
P36-DIP-C01	59233.993126	52240.602828	1605.550173
P36-DIP-C02	59976.433825	51386.679807	1605.473306
P36-DIP-C03	60165.825959	51551.334254	1605.556093
P36-DIP-C04	59423.273425	52405.468379	1605.541869
P37-DIP-C01	65314.384816	44404.616516	1605.330522
P37-DIP-C02	65943.811649	43464.477290	1605.278786
P37-DIP-C03	66152.351250	43604.005405	1605.241038
P37-DIP-C04	65522.889752	44544.268397	1605.295450
P38-DIP-C01	70364.562123	35868.216405	1605.156270
P38-DIP-C02	70871.208980	34856.612234	1605.193461
P38-DIP-C03	71095.610124	34969.023596	1605.144441
P38-DIP-C04	70588.854311	35980.849463	1605.111425
P39-DIP-C01	74305.123974	26766.492378	1604.850169
P39-DIP-C02	74680.901457	25699.083091	1604.831809
P39-DIP-C03	74917.638159	25782.461656	1604.805043
P39-DIP-C04	74541.727983	26850.095106	1604.819252
P40-DIP-C01	77074.083852	17242.186828	1605.292321
P40-DIP-C02	77313.094349	16136.684498	1604.700634
P40-DIP-C03	77558.443776	16189.679100	1604.837121
P40-DIP-C04	77319.178317	17295.611716	1604.932530
P41-DIP-C01	78627.496546	7446.480128	1604.799162
P41-DIP-C02	78726.131817	6319.463112	1604.794871
P41-DIP-C03	78976.165037	6341.370669	1604.751368
P41-DIP-C04	78877.524423	7468.445946	1604.732992
P42-DIP-C01	78940.937371	-2466.989611	1604.542783
P42-DIP-C02	78897.555132	-3597.472647	1604.690652
P42-DIP-C03	79148.372986	-3607.116848	1604.693300
P42-DIP-C04	79191.019450	-2476.178580	1604.687967
P43-DIP-C01	78009.285966	-12342.050442	1604.372860
P43-DIP-C02	77824.354198	-13458.558720	1604.322241
P43-DIP-C03	78072.004922	-13499.523727	1604.346528
P43-DIP-C04	78257.039244	-12382.189928	1604.354042
P44-DIP-C01	75847.621052	-22021.042211	1604.698361
P44-DIP-C02	75524.294732	-23105.275184	1604.622964
P44-DIP-C03	75764.843133	-23176.906330	1604.600433
P44-DIP-C04	76088.257350	-22092.567133	1604.601353
P45-DIP-C01	72489.542858	-31353.625742	1604.464227
P45-DIP-C02	72032.932662	-32388.939751	1604.760975
P45-DIP-C03	72262.557855	-32490.278102	1604.615875
P45-DIP-C04	72719.314850	-31454.589096	1604.403946
P46-DIP-C01	67988.829526	-40191.974507	1604.521727
P46-DIP-C02	67405.593020	-41162.066200	1604.437427
P46-DIP-C03	67620.749195	-41291.281758	1604.444571
P46-DIP-C04	68203.702629	-40320.580236	1604.413100
P47-DIP-C01	62414.862479	-48396.169480	1604.740285
P47-DIP-C02	61715.203191	-49285.455797	1604.664069
P47-DIP-C03	61912.512413	-49440.591953	1604.801243
P47-DIP-C04	62612.234534	-48551.243061	1604.799312
P48-DIP-C01	55857.247345	-55837.648643	1604.635691
P48-DIP-C02	55051.673856	-56631.745499	1604.597474
P48-DIP-C03	55227.851419	-56810.511082	1604.602132
P48-DIP-C04	56033.612252	-56016.004859	1604.547169
P49-DIP-C01	48419.163262	-62397.054268	1604.405728
P49-DIP-C02	47518.920515	-63085.542560	1604.393038
P49-DIP-C03	47671.459338	-63284.940232	1604.562650
P49-DIP-C04	48571.735717	-62596.366566	1604.416973
P50-DIP-C01	40216.195930	-67974.091308	1604.472605
P50-DIP-C02	39238.059848	-68543.392185	1604.422531
P50-DIP-C03	39364.341948	-68760.408504	1604.289810
P50-DIP-C04	40342.644914	-68190.925398	1604.299155
P30-QUAD02-C01	7089.374913	78658.309220	1605.496913
P30-QUAD02-C02	7097.261869	78864.169736	1605.434522
P30-QUAD02-C03	7152.376916	78861.966165	1605.447801
P30-QUAD02-C04	7144.457376	78656.108012	1605.473043
P01-QUAD01-C01	35399.323425	-70482.477138	1604.108856
P01-QUAD01-C02	35491.129375	-70666.901513	1604.093748
P01-QUAD01-C03	35327.761919	-70748.509530	1604.113237
P01-QUAD01-C04	35235.722609	-70564.210079	1604.094132
P02-QUAD01-C01	26284.439672	-74363.967006	1604.271176
P02-QUAD01-C02	26352.410232	-74558.478581	1604.148782
P02-QUAD01-C03	26180.320720	-74619.118310	1604.143030
P02-QUAD01-C04	26112.355342	-74424.670488	1604.158407
P03-QUAD01-C01	16757.274987	-77071.861121	1604.143992
P03-QUAD01-C02	16801.228773	-77273.124132	1604.123701
P03-QUAD01-C03	16622.800459	-77311.639936	1604.183754
P03-QUAD01-C04	16579.057537	-77110.350030	1604.138430
P04-QUAD01-C01	6964.633003	-78563.925434	1604.262556
P04-QUAD01-C02	6982.398516	-78769.170776	1604.245230
P04-QUAD01-C03	6800.777856	-78784.910776	1604.310968
P04-QUAD01-C04	6782.595059	-78579.724123	1604.293378
P05-QUAD01-C01	-2936.484823	-78817.448462	1604.377145
P05-QUAD01-C02	-2944.196017	-79023.321390	1604.314315
P05-QUAD01-C03	-3126.838509	-79016.303989	1604.335675
P05-QUAD01-C04	-3118.949639	-78810.434860	1604.350936
P06-QUAD01-C01	-12791.396844	-77827.812784	1604.522723
P06-QUAD01-C02	-12825.325843	-78031.031046	1604.553757
P06-QUAD01-C03	-13005.218855	-78001.140828	1604.609438
P06-QUAD01-C04	-12971.347535	-77797.913310	1604.555728
P07-QUAD01-C01	-22443.281671	-75611.215590	1604.978456
P07-QUAD01-C02	-22502.620235	-75808.472218	1604.958963
P07-QUAD01-C03	-22677.249019	-75756.630619	1605.003539
P07-QUAD01-C04	-22618.675970	-75559.134612	1604.987656
P08-QUAD01-C01	-31744.826318	-72201.290657	1604.965858
P08-QUAD01-C02	-31828.257305	-72389.657571	1604.940847
P08-QUAD01-C03	-31995.114784	-72315.953648	1605.000588
P08-QUAD01-C04	-31911.913267	-72127.494227	1605.003355
P09-QUAD01-C01	-40542.919494	-67653.628101	1605.064305
P09-QUAD01-C02	-40649.023225	-67830.231267	1604.993076
P09-QUAD01-C03	-40805.369180	-67736.156792	1605.054524
P09-QUAD01-C04	-40699.332244	-67559.516743	1605.068490
P10-QUAD01-C01	-48702.463063	-62038.867045	1605.070502
P10-QUAD01-C02	-48829.858807	-62200.772727	1605.076263
P10-QUAD01-C03	-48973.151051	-62087.966913	1605.089545
P10-QUAD01-C04	-48845.778460	-61926.051870	1605.093015
P11-QUAD01-C01	-56095.354286	-55444.449037	1604.886119
P11-QUAD01-C02	-56242.009065	-55589.161739	1604.837694
P11-QUAD01-C03	-56370.077912	-55459.354681	1604.873870
P11-QUAD01-C04	-56223.574438	-55314.543294	1604.877121
P12-QUAD01-C01	-62600.871986	-47978.479808	1604.697065
P12-QUAD01-C02	-62764.700491	-48103.403116	1604.728532
P12-QUAD01-C03	-62875.531673	-47958.312492	1604.782094
P12-QUAD01-C04	-62711.700974	-47833.403705	1604.735642
P13-QUAD01-C01	-68120.765615	-39754.236211	1604.534876
P13-QUAD01-C02	-68298.874899	-39857.694793	1604.492030
P13-QUAD01-C03	-68390.683639	-39700.134543	1604.503248
P13-QUAD01-C04	-68212.744333	-39596.392523	1604.528455
P14-QUAD01-C01	-72567.071749	-30901.090148	1604.445433
P14-QUAD01-C02	-72756.511619	-30982.027831	1604.475457
P14-QUAD01-C03	-72827.725866	-30814.050850	1604.518295
P14-QUAD01-C04	-72638.184080	-30733.363796	1604.441370
P15-QUAD01-C01	-75867.661852	-21562.738562	1604.743670
P15-QUAD01-C02	-76065.929354	-21618.741569	1604.726646
P15-QUAD01-C03	-76115.578459	-21443.234621	1604.760737
P15-QUAD01-C04	-75917.361129	-21387.084224	1604.712372
P16-QUAD01-C01	-77972.159066	-11883.842195	1604.868188
P16-QUAD01-C02	-78175.775178	-11915.065243	1604.802898
P16-QUAD01-C03	-78203.019359	-11734.420754	1604.850805
P16-QUAD01-C04	-77999.967545	-11699.212363	1604.907257
P17-QUAD01-C01	-78846.231408	-2019.639527	1604.868120
P17-QUAD01-C02	-79052.178863	-2024.632025	1604.831440
P17-QUAD01-C03	-79056.772693	-1842.264234	1604.901895
P17-QUAD01-C04	-78850.840666	-1837.008659	1604.880080
P18-QUAD01-C01	-78477.627752	7878.561485	1605.042655
P18-QUAD01-C02	-78682.574724	7899.709511	1605.060496
P18-QUAD01-C03	-78663.922016	8081.247903	1605.139707
P18-QUAD01-C04	-78459.029023	8059.973681	1605.056137
P19-QUAD01-C01	-76870.837853	17653.810145	1605.155430
P19-QUAD01-C02	-77071.674590	17699.782000	1605.174186
P19-QUAD01-C03	-77030.640906	17877.693185	1605.161765
P19-QUAD01-C04	-76829.805330	17831.662722	1605.145950
P20-QUAD01-C01	-74052.261008	27148.507577	1605.157107
P20-QUAD01-C02	-74245.696480	27219.401175	1605.176608
P20-QUAD01-C03	-74182.797757	27390.722262	1605.158168
P20-QUAD01-C04	-73989.408551	27319.774593	1605.206608
P21-QUAD01-C01	-70065.272167	36216.897273	1605.049902
P21-QUAD01-C02	-70248.278259	36311.463991	1605.021138
P21-QUAD01-C03	-70164.089572	36473.592429	1605.071043
P21-QUAD01-C04	-69981.201593	36378.781734	1605.040323
P22-QUAD01-C01	-64974.829336	44711.151135	1605.139143
P22-QUAD01-C02	-65144.400739	44828.123624	1605.114543
P22-QUAD01-C03	-65040.867965	44978.208757	1605.162106
P22-QUAD01-C04	-64871.117309	44861.293396	1605.228181
P23-QUAD01-C01	-58858.204096	52502.841384	1604.844923
P23-QUAD01-C02	-59011.521969	52640.392243	1604.883959
P23-QUAD01-C03	-58890.021245	52776.321058	1604.937600
P23-QUAD01-C04	-58736.414236	52639.054543	1604.866945
P24-QUAD01-C01	-51812.901862	59466.667359	1604.790020
P24-QUAD01-C02	-51948.114670	59622.080231	1604.848226
P24-QUAD01-C03	-51810.441722	59741.643305	1604.911817
P24-QUAD01-C04	-51675.211820	59586.232589	1604.818937
P25-QUAD01-C01	-43951.488776	65491.330701	1604.948876
P25-QUAD01-C02	-44066.058415	65662.546276	1604.910328
P25-QUAD01-C03	-43914.438994	65763.928355	1604.952629
P25-QUAD01-C04	-43799.807713	65592.762728	1604.947366
P26-QUAD01-C01	-35397.929280	70483.157094	1604.915020
P26-QUAD01-C02	-35490.362369	70667.283361	1604.941671
P26-QUAD01-C03	-35327.022138	70749.099661	1604.944159
P26-QUAD01-C04	-35234.822571	70564.843280	1604.907992
P27-QUAD01-C01	-26283.576251	74364.422009	1605.125422
P27-QUAD01-C02	-26352.155581	74558.688989	1605.067385
P27-QUAD01-C03	-26179.952313	74619.272837	1605.086772
P27-QUAD01-C04	-26111.409278	74425.114017	1605.143356
P28-QUAD01-C01	-16757.809013	77071.890814	1605.110912
P28-QUAD01-C02	-16801.433343	77273.236470	1605.100284
P28-QUAD01-C03	-16622.784581	77311.712977	1605.138700
P28-QUAD01-C04	-16579.220852	77110.355621	1605.105298
P29-QUAD01-C01	-6964.618446	78564.554397	1605.142393
P29-QUAD01-C02	-6982.767380	78769.778089	1605.081535
P29-QUAD01-C03	-6800.916189	78785.707291	1605.137946
P29-QUAD01-C04	-6783.030638	78580.433509	1605.139717
P30-QUAD01-C01	2936.692057	78817.971892	1605.360429
P30-QUAD01-C02	2944.905003	79023.805693	1605.353941
P30-QUAD01-C03	3126.891456	79016.746941	1605.316500
P30-QUAD01-C04	3119.063376	78810.921933	1605.334896
P31-QUAD01-C01	12792.182586	77828.341782	1605.333324
P31-QUAD01-C02	12825.713915	78031.625761	1605.367936
P31-QUAD01-C03	13005.918431	78001.700620	1605.421158
P31-QUAD01-C04	12972.100653	77798.550070	1605.377871
P32-QUAD01-C01	22445.388425	75611.410345	1605.296781
P32-QUAD01-C02	22504.415007	75808.753057	1605.304895
P32-QUAD01-C03	22679.170711	75756.604495	1605.345549
P32-QUAD01-C04	22620.282588	75559.209019	1605.282505
P33-QUAD01-C01	31745.214776	72201.627921	1605.371971
P33-QUAD01-C02	31828.632658	72389.965619	1605.321533
P33-QUAD01-C03	31995.368655	72316.555343	1605.315311
P33-QUAD01-C04	31912.294320	72128.064323	1605.351972
P34-QUAD01-C01	40544.476484	67653.477385	1605.401844
P34-QUAD01-C02	40650.672847	67830.006062	1605.394942
P34-QUAD01-C03	40806.945793	67736.089768	1605.413090
P34-QUAD01-C04	40700.956394	67559.456408	1605.387192
P35-QUAD01-C01	48703.858793	62038.343296	1605.620381
P35-QUAD01-C02	48831.313470	62200.208816	1605.600756
P35-QUAD01-C03	48974.394436	62087.453448	1605.579337
P35-QUAD01-C04	48847.075959	61925.510800	1605.599802
P36-QUAD01-C01	56094.514545	55445.229323	1605.649239
P36-QUAD01-C02	56241.071250	55590.027903	1605.648350
P36-QUAD01-C03	56369.112538	55460.147964	1605.685823
P36-QUAD01-C04	56222.688780	55315.277466	1605.648608
P37-QUAD01-C01	62602.620495	47975.575121	1605.423508
P37-QUAD01-C02	62766.527333	48100.377018	1605.408459
P37-QUAD01-C03	62877.020183	47955.532694	1605.420692
P37-QUAD01-C04	62713.268995	47830.554070	1605.382195
P38-QUAD01-C01	68121.560488	39752.023813	1605.042379
P38-QUAD01-C02	68299.324477	39856.153346	1605.110258
P38-QUAD01-C03	68390.991443	39698.419416	1605.101951
P38-QUAD01-C04	68213.210612	39594.407894	1605.026330
P39-QUAD01-C01	72566.327326	30900.845902	1605.017761
P39-QUAD01-C02	72755.956500	30981.384508	1604.998045
P39-QUAD01-C03	72827.138799	30813.574064	1605.050145
P39-QUAD01-C04	72637.690862	30732.781244	1604.996806
P40-QUAD01-C01	75867.320739	21561.794042	1604.963182
P40-QUAD01-C02	76065.426652	21618.285875	1604.892447
P40-QUAD01-C03	76115.030171	21442.732116	1604.963262
P40-QUAD01-C04	75916.834700	21386.460164	1604.960170
P41-QUAD01-C01	77971.395422	11883.432965	1604.569222
P41-QUAD01-C02	78175.041398	11914.415432	1604.603693
P41-QUAD01-C03	78202.229659	11733.706242	1604.597097
P41-QUAD01-C04	77998.608853	11702.662491	1604.530532
P42-QUAD01-C01	78846.003495	2019.190456	1604.597915
P42-QUAD01-C02	79051.950958	2023.793431	1604.631771
P42-QUAD01-C03	79056.206153	1841.671589	1604.672470
P42-QUAD01-C04	78850.287420	1836.884580	1604.584931
P43-QUAD01-C01	78477.266792	-7881.273147	1604.531891
P43-QUAD01-C02	78682.283313	-7901.402340	1604.506345
P43-QUAD01-C03	78663.858705	-8083.258591	1604.559706
P43-QUAD01-C04	78458.840250	-8062.872873	1604.553712
P44-QUAD01-C01	76871.262024	-17653.076225	1604.489415
P44-QUAD01-C02	77071.997049	-17699.249919	1604.491947
P44-QUAD01-C03	77031.095442	-17876.813088	1604.560818
P44-QUAD01-C04	76830.378100	-17830.918489	1604.534347
P45-QUAD01-C01	74052.175838	-27149.637555	1604.604612
P45-QUAD01-C02	74245.547657	-27220.650688	1604.627722
P45-QUAD01-C03	74182.557282	-27391.997789	1604.677736
P45-QUAD01-C04	73989.181725	-27321.017667	1604.612672
P46-QUAD01-C01	70066.398079	-36214.814733	1604.286857
P46-QUAD01-C02	70249.202287	-36309.749589	1604.371892
P46-QUAD01-C03	70165.372709	-36471.452105	1604.415882
P46-QUAD01-C04	69982.411413	-36376.849279	1604.324031
P47-QUAD01-C01	64973.984679	-44712.331237	1604.473337
P47-QUAD01-C02	65143.559457	-44829.325504	1604.461114
P47-QUAD01-C03	65040.075580	-44979.386092	1604.494626
P47-QUAD01-C04	64870.474492	-44862.432060	1604.470256
P48-QUAD01-C01	58858.169225	-52503.272972	1604.536033
P48-QUAD01-C02	59011.712334	-52640.617775	1604.595347
P48-QUAD01-C03	58890.234752	-52776.498314	1604.665530
P48-QUAD01-C04	58736.604756	-52639.270453	1604.548597
P49-QUAD01-C01	51814.455060	-59465.735258	1604.384845
P49-QUAD01-C02	51949.752891	-59621.063416	1604.320980
P49-QUAD01-C03	51811.899083	-59740.716487	1604.327226
P49-QUAD01-C04	51676.479320	-59585.477516	1604.336333
P50-QUAD01-C01	43951.543434	-65491.703414	1604.484125
P50-QUAD01-C02	44065.790614	-65663.092673	1604.487577
P50-QUAD01-C03	43914.343313	-65764.438099	1604.517830
P50-QUAD01-C04	43799.760656	-65593.245326	1604.469312
S01-B01-C01	35892.483545	-73962.990585	1627.906251
S01-B01-C02	36011.995756	-74244.690045	1627.859391
S01-B01-C03	35568.116409	-74433.011101	1627.959304
S01-B01-C04	35448.638296	-74151.391838	1627.890601
S01-B02-C01	28715.562595	-77009.722363	1627.763690
S01-B02-C02	28835.083432	-77291.391920	1627.845819
S01-B02-C03	28391.106101	-77479.800393	1627.861714
S01-B02-C04	28271.593401	-77198.135386	1627.837169
S01-B03-C01	28036.387388	-77298.095576	1627.810954
S01-B03-C02	28155.623046	-77579.890391	1627.858317
S01-B03-C03	27767.364498	-77744.617372	1627.815464
S01-B03-C04	27648.019968	-77462.713735	1627.810936
S01-B03-C07-B1	27116.470776	-77922.913064	1627.975737
S01-B03-C08-B1MR	27056.426783	-77946.721261	1627.982515
S01-B03-CENTER	27062.217661	-77877.731320	1627.824000
S01-B04-C01	26046.065057	-78089.301782	1627.834562
S01-B04-C02	26151.863489	-78376.450187	1627.846698
S01-B04-C03	24583.259178	-78954.936219	1627.875667
S01-B04-C04	24477.332418	-78667.876254	1627.886568
S01-B05-C03-B2	23811.577240	-79142.814801	1627.916660
S01-B05-C04-B2MR	23483.008416	-79250.842102	1627.928404
S01-B05-LV01	24050.320702	-79068.625190	1627.866571
S01-B05-LV02	23560.257083	-78912.717306	1627.900339
S01-B05-LV03	23112.345573	-79373.597191	1627.908394
S01-B06-C01	22549.437927	-79297.030385	1627.910456
S01-B06-C02	22634.696440	-79590.953163	1627.888101
S01-B06-C03	21345.016700	-79964.443422	1627.862552
S01-B06-C04	21259.899948	-79670.513047	1627.938163
S01-B07-C01	20375.921071	-79865.133305	1750.847460
S01-B07-C02	20456.637820	-80189.247758	1750.764671
S01-B07-C03	19584.454837	-80406.698693	1750.700645
S01-B07-C04	19503.683825	-80082.577458	1750.821958
S01-B08-C01	18631.753325	-80325.697572	1627.831590
S01-B08-C02	18694.344367	-80625.208716	1627.829091
S01-B08-C03	17380.231055	-80900.983620	1627.746593
S01-B08-C04	17317.384651	-80601.530638	1627.785321
S01-B09-C03-B2	16471.703755	-80998.895593	1627.822741
S01-B09-C04-B2MR	16131.054398	-81057.766769	1627.807208
S01-B09-LV01	16848.118886	-80935.048532	1627.804631
S01-B09-LV02	16254.787537	-80734.874970	1627.737381
S01-B09-LV03	15751.383512	-81124.329659	1627.767987
S01-B10-C01	15320.287074	-80950.967468	1627.748231
S01-B10-C02	15361.422042	-81254.214991	1627.790001
S01-B10-C03	13705.029744	-81479.771986	1627.815942
S01-B10-C04	13663.894266	-81176.579336	1627.831120
S01-B11-C09	11955.076429	-81375.537105	1627.768239
S01-B11-C10	11981.649020	-81680.341229	1627.796751
S01-B11-C11	11561.510250	-81717.119301	1627.801376
S01-B11-C12	11534.798594	-81412.286143	1627.826487
S01-B11-C03-B1	12704.763242	-81525.379359	1627.963280
S01-B11-C04-B1MR	12640.230255	-81532.652089	1627.957706
S01-B11-CENTER	12667.054731	-81466.811685	1627.798000
S02-B01-C01	11281.553702	-81434.483981	1627.897428
S02-B01-C02	11308.439604	-81739.285459	1627.880392
S02-B01-C03	10411.478157	-81817.796050	1627.830079
S02-B01-C04	10384.875517	-81512.977230	1627.874067
S02-B02-C01	3927.670787	-82077.825533	1628.031806
S02-B02-C02	3954.276421	-82382.634487	1627.994573
S02-B02-C03	3058.111651	-82461.117648	1628.051001
S02-B02-C04	3031.045467	-82156.302937	1628.059994
S02-B03-C01	2777.967137	-82178.405560	1628.082910
S02-B03-C02	2804.382723	-82483.269936	1628.080820
S02-B03-C03	2384.388324	-82519.946191	1628.012194
S02-B03-C04	2357.800485	-82215.161169	1628.055765
S02-B03-C07-B1	1710.220907	-82489.062945	1628.062223
S02-B03-C08-B1MR	1645.321345	-82493.143967	1628.070853
S02-B03-CENTER	1672.312126	-82428.707116	1628.058000
S02-B04-C01	640.477707	-82315.731265	1628.079180
S02-B04-C02	652.155155	-82621.531057	1628.143441
S02-B04-C03	-1018.016488	-82686.958201	1628.199359
S02-B04-C04	-1030.015166	-82381.173339	1628.168029
S02-B05-C03-B2	-1810.306842	-82627.168687	1628.202672
S02-B05-C04-B2MR	-2156.043685	-82628.333618	1628.243254
S02-B05-LV01	-1588.355670	-82631.201616	1628.113001
S02-B05-LV02	-1967.658477	-82330.568988	1628.063053
S02-B05-LV03	-2572.239659	-82630.182136	1628.224134
S02-B06-C01	-3057.767395	-82383.883003	1628.250070
S02-B06-C02	-3067.870428	-82689.726481	1628.243183
S02-B06-C03	-4410.051203	-82646.353486	1628.193460
S02-B06-C04	-4400.094954	-82340.498793	1628.222844
S02-B07-C01	-5300.878146	-82252.555408	1751.234234
S02-B07-C02	-5324.268807	-82585.773396	1751.263110
S02-B07-C03	-6221.006248	-82523.022364	1751.272814
S02-B07-C04	-6197.577380	-82189.817824	1751.245916
S02-B08-C01	-7102.127839	-82151.333163	1628.313939
S02-B08-C02	-7135.080736	-82455.504072	1628.287451
S02-B08-C03	-8470.009202	-82311.761361	1628.265626
S02-B08-C04	-8437.054180	-82007.541960	1628.296888
S02-B09-C03-B2	-9364.244589	-82124.064090	1628.256194
S02-B09-C04-B2MR	-9706.718918	-82074.782786	1628.258764
S02-B09-LV01	-8984.170868	-82179.977982	1628.235363
S02-B09-LV02	-9469.579241	-81808.880791	1628.148438
S02-B09-LV03	-10059.132982	-82025.722026	1628.251461
S02-B10-C01	-10444.959216	-81722.610370	1628.314588
S02-B10-C02	-10499.302687	-82023.723919	1628.299448
S02-B10-C03	-12144.146310	-81726.386252	1628.300506
S02-B10-C04	-12089.617514	-81425.272356	1628.323502
S02-B11-C09	-13776.176257	-81086.502992	1628.204869
S02-B11-C10	-13844.989983	-81384.629311	1628.217524
S02-B11-C11	-14255.670974	-81289.873276	1628.274769
S02-B11-C12	-14186.876581	-80991.688648	1628.261637
S02-B11-C03-B1	-13109.930107	-81460.463950	1628.313975
S02-B11-C04-B1MR	-13172.982077	-81447.446819	1628.311283
S02-B11-CENTER	-13127.451790	-81393.294155	1628.240000
S03-B01-C01	-14435.094234	-80934.366812	1628.272276
S03-B01-C02	-14503.475983	-81232.606011	1628.335762
S03-B01-C03	-15381.022651	-81030.035255	1628.333041
S03-B01-C04	-15312.151908	-80731.895128	1628.374216
S03-B02-C01	-21627.986836	-79273.641391	1628.428609
S03-B02-C02	-21696.695942	-79571.804037	1628.478563
S03-B02-C03	-22574.209272	-79369.251366	1628.495652
S03-B02-C04	-22504.990563	-79071.194875	1628.488583
S03-B03-C01	-22754.787621	-79013.570267	1628.441889
S03-B03-C02	-22824.014002	-79311.647997	1628.461435
S03-B03-C03	-23232.524320	-79217.219120	1628.409271
S03-B03-C04	-23163.664941	-78919.090194	1628.431078
S03-B03-C07-B1	-23864.004668	-78979.335788	1628.534526
S03-B03-C08-B1MR	-23926.733888	-78963.117760	1628.563926
S03-B03-CENTER	-23881.341219	-78910.464895	1628.436000
S03-B04-C01	-24827.852281	-78484.227953	1628.473796
S03-B04-C02	-24911.204857	-78778.689414	1628.535879
S03-B04-C03	-26519.625351	-78324.890601	1628.508214
S03-B04-C04	-26436.502341	-78030.406149	1628.500407
S03-B05-C03-B2	-27254.845643	-78023.082658	1628.561650
S03-B05-C04-B2MR	-27583.742815	-77917.435203	1628.568820
S03-B05-LV01	-26850.779412	-78153.213645	1628.496872
S03-B05-LV02	-27314.861160	-77691.738663	1628.559940
S03-B05-LV03	-27979.816823	-77790.525551	1628.578964
S03-B06-C01	-28366.152433	-77406.284666	1628.477269
S03-B06-C02	-28470.211188	-77694.046207	1628.540364
S03-B06-C03	-29732.894382	-77237.914669	1628.483213
S03-B06-C04	-29628.832890	-76950.166656	1628.450177
S03-B07-C01	-30458.663440	-76588.227309	1751.533684
S03-B07-C02	-30583.839365	-76897.902787	1751.526725
S03-B07-C03	-31417.294285	-76561.226833	1751.467440
S03-B07-C04	-31292.095412	-76251.492086	1751.513576
S03-B08-C01	-32140.428868	-75935.516638	1628.397451
S03-B08-C02	-32265.517597	-76214.764228	1628.362587
S03-B08-C03	-33490.991851	-75665.236710	1628.504898
S03-B08-C04	-33365.425440	-75386.195189	1628.532919
S03-B09-C03-B2	-34283.517522	-75210.446212	1628.619151
S03-B09-C04-B2MR	-34593.600824	-75057.953237	1628.616208
S03-B09-LV01	-33943.826007	-75378.971358	1628.577312
S03-B09-LV02	-34322.964200	-74859.992699	1628.569979
S03-B09-LV03	-34926.958482	-74895.557240	1628.572822
S03-B10-C01	-35187.107164	-74494.846365	1628.510945
S03-B10-C02	-35331.907092	-74764.456822	1628.505186
S03-B10-C03	-36804.502923	-73973.404116	1628.390042
S03-B10-C04	-36659.686756	-73703.803075	1628.414208
S03-B11-C09	-38159.136742	-72860.340555	1628.437639
S03-B11-C10	-38316.793900	-73122.582615	1628.453708
S03-B11-C11	-38678.570659	-72905.189673	1628.436466
S03-B11-C12	-38521.022648	-72642.879295	1628.427183
S03-B11-C03-B1	-37640.743354	-73422.264131	1628.616241
S03-B11-C04-B1MR	-37696.948003	-73390.395912	1628.625641
S03-B11-CENTER	-37636.655089	-73352.756194	1628.439000
S04-B01-C01	-38738.253106	-72512.303674	1628.409105
S04-B01-C02	-38895.987375	-72774.529982	1628.415631
S04-B01-C03	-39667.640867	-72310.976877	1628.458241
S04-B01-C04	-39509.970210	-72048.686734	1628.482808
S04-B02-C01	-45066.071834	-68710.012787	1628.551071
S04-B02-C02	-45223.787221	-68972.194020	1628.556010
S04-B02-C03	-45995.778113	-68508.495583	1628.534765
S04-B02-C04	-45837.786093	-68246.404182	1628.610088
S04-B03-C01	-46056.256588	-68115.159253	1628.536043
S04-B03-C02	-46213.863238	-68377.476383	1628.534001
S04-B03-C03	-46575.498311	-68160.166942	1628.498867
S04-B03-C04	-46417.884298	-67897.885256	1628.513310
S04-B03-C07-B1	-47102.474540	-67738.912321	1628.559582
S04-B03-C08-B1MR	-47156.458418	-67704.775528	1628.548759
S04-B03-CENTER	-47097.227318	-67668.188428	1628.521000
S04-B04-C01	-47865.636150	-66970.579821	1628.464326
S04-B04-C02	-48035.897708	-67224.836602	1628.440778
S04-B04-C03	-49425.893563	-66296.237768	1628.464000
S04-B04-C04	-49255.631212	-66041.988879	1628.530399
S04-B05-C03-B2	-50031.322542	-65782.483404	1628.683189
S04-B05-C04-B2MR	-50311.854565	-65580.115775	1628.682171
S04-B05-LV01	-49717.178577	-66010.279519	1628.665188
S04-B05-LV02	-49996.941285	-65440.978447	1628.554482
S04-B05-LV03	-50620.681398	-65358.821694	1628.609149
S04-B06-C01	-50897.824269	-64852.289804	1628.287184
S04-B06-C02	-51085.654491	-65093.870194	1628.277189
S04-B06-C03	-52145.755127	-64270.094195	1628.326129
S04-B06-C04	-51957.932901	-64028.543905	1628.345131
S04-B07-C01	-52635.293681	-63427.751561	1751.258484
S04-B07-C02	-52850.132054	-63683.543250	1751.257647
S04-B07-C03	-53538.592679	-63105.787817	1751.252008
S04-B07-C04	-53323.789221	-62849.974076	1751.257486
S04-B08-C01	-54032.946705	-62287.130713	1628.326187
S04-B08-C02	-54238.356278	-62513.929263	1628.312560
S04-B08-C03	-55233.941806	-61612.855055	1628.218516
S04-B08-C04	-55028.562636	-61385.993607	1628.219236
S04-B09-C03-B2	-55847.173364	-60935.350804	1628.576000
S04-B09-C04-B2MR	-56095.084014	-60694.275517	1628.547719
S04-B09-LV01	-55568.310684	-61208.069161	1628.546497
S04-B09-LV02	-55765.833463	-60600.164793	1628.505974
S04-B09-LV03	-56372.047116	-60426.377959	1628.533859
S04-B10-C01	-56485.461913	-59975.379738	1628.256942
S04-B10-C02	-56706.487984	-60186.998765	1628.340359
S04-B10-C03	-57862.538904	-58979.789294	1628.220698
S04-B10-C04	-57641.419604	-58768.257266	1628.162157
S04-B11-C09	-58806.737360	-57502.707636	1628.224272
S04-B11-C10	-59037.599173	-57703.519905	1628.260763
S04-B11-C11	-59312.718405	-57387.034137	1628.291545
S04-B11-C12	-59081.788334	-57186.289644	1628.261142
S04-B11-C03-B1	-58487.438901	-58196.979449	1628.392765
S04-B11-C04-B1MR	-58530.923290	-58149.385577	1628.417038
S04-B11-CENTER	-58462.152025	-58132.300136	1628.259000
S05-B01-C01	-59251.377141	-56991.195079	1628.283875
S05-B01-C02	-59482.310493	-57191.942424	1628.310519
S05-B01-C03	-59798.449706	-56828.268970	1628.345890
S05-B01-C04	-59567.394774	-56627.649138	1628.326237
S05-B02-C01	-64367.087649	-51106.562258	1628.261921
S05-B02-C02	-64597.834712	-51307.539917	1628.287302
S05-B02-C03	-64913.662041	-50944.190508	1628.234089
S05-B02-C04	-64682.671315	-50743.515037	1628.246755
S05-B03-C01	-64851.087976	-50549.801267	1628.261826
S05-B03-C02	-65081.907740	-50750.677746	1628.265267
S05-B03-C03	-65358.606187	-50432.409939	1628.199247
S05-B03-C04	-65127.581161	-50231.772516	1628.229421
S05-B03-C07-B1	-65729.905263	-49868.758286	1628.313312
S05-B03-C08-B1MR	-65770.904774	-49819.272031	1628.339866
S05-B03-CENTER	-65703.100551	-49802.894354	1628.239000
S05-B04-C01	-66218.277451	-48901.955967	1628.181861
S05-B04-C02	-66458.630860	-49091.363955	1628.182877
S05-B04-C03	-67493.495351	-47778.500288	1628.147771
S05-B04-C04	-67253.109695	-47589.129569	1628.155725
S05-B05-C03-B2	-67910.636346	-47102.674978	1628.237537
S05-B05-C04-B2MR	-68114.948523	-46823.463484	1628.255440
S05-B05-LV01	-67684.668097	-47413.331760	1628.146076
S05-B05-LV02	-67773.092131	-46787.510265	1628.185543
S05-B05-LV03	-68342.022925	-46515.152590	1628.226028
S05-B06-C01	-68447.167098	-45950.261430	1628.111875
S05-B06-C02	-68700.535431	-46121.920567	1628.180758
S05-B06-C03	-69454.324328	-45010.648696	1628.092596
S05-B06-C04	-69201.026206	-44839.059082	1628.102522
S05-B07-C01	-69659.957345	-44058.308985	1751.554029
S05-B07-C02	-69943.247176	-44235.212665	1751.530246
S05-B07-C03	-70419.585548	-43472.808588	1751.469259
S05-B07-C04	-70136.206260	-43296.017253	1751.494211
S05-B08-C01	-70636.585867	-42541.488224	1628.094224
S05-B08-C02	-70901.914310	-42693.856479	1628.139510
S05-B08-C03	-71570.328525	-41529.290311	1628.033895
S05-B08-C04	-71304.766526	-41377.233542	1628.046414
S05-B09-C03-B2	-71944.069546	-40695.702923	1628.195930
S05-B09-C04-B2MR	-72105.474451	-40389.725275	1628.209793
S05-B09-LV01	-71769.712114	-41029.093962	1628.183358
S05-B09-LV02	-71760.177063	-40407.491663	1628.221092
S05-B09-LV03	-72281.842144	-40058.299780	1628.213407
S05-B10-C01	-72254.537882	-39585.548571	1628.032874
S05-B10-C02	-72530.252025	-39718.359213	1628.016537
S05-B10-C03	-73256.492416	-38213.099448	1628.014593
S05-B10-C04	-72980.863283	-38080.189432	1628.057755
S05-B11-C09	-73697.906928	-36516.474492	1628.009823
S05-B11-C10	-73979.591259	-36635.933298	1627.977077
S05-B11-C11	-74144.428225	-36247.571954	1627.940964
S05-B11-C12	-73862.680374	-36128.119428	1627.969798
S05-B11-C03-B1	-73608.883295	-37275.600615	1628.281888
S05-B11-C04-B1MR	-73635.551798	-37216.604509	1628.270584
S05-B11-CENTER	-73564.730131	-37221.700864	1627.974000
S06-B01-C01	-73962.116313	-35893.791418	1627.952277
S06-B01-C02	-74243.614287	-36013.627729	1627.952055
S06-B01-C03	-74595.306857	-35185.139415	1627.987782
S06-B01-C04	-74313.552514	-35065.730623	1627.987454
S06-B02-C01	-76847.313005	-29098.756001	1628.413751
S06-B02-C02	-77128.945039	-29218.364521	1628.087374
S06-B02-C03	-77480.278780	-28389.795904	1628.062697
S06-B02-C04	-77198.555775	-28270.340082	1628.137215
S06-B03-C01	-77298.106735	-28036.230930	1628.164036
S06-B03-C02	-77579.748204	-28155.890210	1628.094230
S06-B03-C03	-77744.357321	-27767.872393	1628.017611
S06-B03-C04	-77462.676674	-27648.398149	1628.125775
S06-B03-C07-B1	-77923.144915	-27116.833264	1628.121675
S06-B03-C08-B1MR	-77947.048108	-27056.311655	1628.123703
S06-B03-CENTER	-77877.728469	-27062.221251	1628.100000
S06-B04-C01	-78089.291971	-26045.844251	1628.015434
S06-B04-C02	-78376.386050	-26151.746764	1628.045279
S06-B04-C03	-78954.731550	-24583.438352	1628.095024
S06-B04-C04	-78667.599209	-24477.661334	1628.100128
S06-B05-C03-B2	-79142.687140	-23811.553673	1628.197694
S06-B05-C04-B2MR	-79250.626645	-23483.092687	1628.208383
S06-B05-LV01	-79021.973561	-24181.940362	1628.175856
S06-B05-LV02	-78912.102922	-23561.623131	1628.240396
S06-B05-LV03	-79373.118034	-23113.466142	1628.205294
S06-B06-C01	-79296.778828	-22549.748574	1628.231070
S06-B06-C02	-79590.808340	-22634.532384	1628.235314
S06-B06-C03	-79964.135395	-21345.149406	1628.228195
S06-B06-C04	-79670.174056	-21260.205227	1628.278599
S06-B07-C01	-79865.058760	-20376.035340	1751.203353
S06-B07-C02	-80189.211736	-20456.722839	1751.146512
S06-B07-C03	-80406.686585	-19584.535454	1751.187964
S06-B07-C04	-80082.512806	-19503.852243	1751.202981
S06-B08-C01	-80325.460961	-18632.005301	1628.308779
S06-B08-C02	-80624.938178	-18694.828495	1628.304617
S06-B08-C03	-80900.841970	-17380.044517	1628.312077
S06-B08-C04	-80601.281035	-17317.566581	1628.356313
S06-B09-C03-B2	-80998.531027	-16472.105642	1628.366048
S06-B09-C04-B2MR	-81057.581142	-16130.806998	1628.367053
S06-B09-LV01	-80925.680781	-16894.030584	1628.306336
S06-B09-LV02	-80736.881963	-16242.028844	1628.385166
S06-B09-LV03	-81130.592134	-15709.433986	1628.329284
S06-B10-C01	-80950.820603	-15320.033859	1628.409901
S06-B10-C02	-81254.025172	-15361.419634	1628.389877
S06-B10-C03	-81479.550593	-13704.967958	1628.323242
S06-B10-C04	-81176.309610	-13663.773866	1628.353901
S06-B11-C09	-81375.161596	-11955.320352	1628.385583
S06-B11-C10	-81680.020619	-11981.876454	1628.404590
S06-B11-C11	-81716.737680	-11561.786117	1628.379402
S06-B11-C12	-81411.879089	-11535.158850	1628.391492
S06-B11-C03-B1	-81525.210192	-12704.584743	1628.630148
S06-B11-C04-B1MR	-81532.372625	-12640.093194	1628.610287
S06-B11-CENTER	-81466.479029	-12666.887100	1628.390000
S07-B01-C01	-81434.154433	-11281.227742	1628.383746
S07-B01-C02	-81738.961278	-11308.067670	1628.371762
S07-B01-C03	-81817.360359	-10411.317421	1628.451447
S07-B01-C04	-81512.491419	-10385.162888	1628.498456
S07-B02-C01	-82077.439596	-3927.673581	1628.520705
S07-B02-C02	-82382.292947	-3954.052936	1628.579444
S07-B02-C03	-82460.671665	-3057.611411	1628.590958
S07-B02-C04	-82155.834573	-3031.080457	1628.560946
S07-B03-C01	-82178.142797	-2777.272904	1628.740219
S07-B03-C03	-82519.716212	-2384.039443	1628.693427
S07-B03-C04	-82214.885387	-2357.444195	1628.718799
S07-B03-C07-B1	-82488.659336	-1709.922773	1628.812639
S07-B03-C08-B1MR	-82492.748023	-1645.352627	1628.802606
S07-B03-CENTER	-82428.408829	-1672.187655	1628.704000
S07-B04-C01	-82315.608795	-640.319510	1628.697928
S07-B04-C02	-82621.401246	-652.042017	1628.720680
S07-B04-C03	-82686.773975	1017.938099	1628.747319
S07-B04-C04	-82380.961210	1029.771940	1628.707588
S07-B05-C03-B2	-82627.008778	1810.271547	1628.742747
S07-B05-C04-B2MR	-82628.201765	2155.979243	1628.793397
S07-B05-LV01	-82626.810470	1426.107373	1628.705781
S07-B05-LV02	-82330.473507	1967.073025	1628.717889
S07-B05-LV03	-82630.727850	2534.629897	1628.726675
S07-B06-C01	-82383.730769	3058.059448	1628.688312
S07-B06-C02	-82689.563294	3068.557348	1628.766566
S07-B06-C03	-82646.067592	4409.639387	1628.789747
S07-B06-C04	-82340.246396	4399.646700	1628.768331
S07-B07-C01	-82252.482619	5300.958841	1751.645309
S07-B07-C02	-82585.700660	5324.291435	1751.688260
S07-B07-C03	-82523.036262	6220.921732	1751.596969
S07-B07-C04	-82189.812810	6197.586645	1751.619019
S07-B08-C01	-82151.378097	7102.056438	1628.633730
S07-B08-C02	-82455.598834	7134.783695	1628.665457
S07-B08-C03	-82311.747832	8469.768472	1628.656384
S07-B08-C04	-82007.477700	8436.764731	1628.630108
S07-B09-C03-B2	-82124.018153	9364.098053	1628.791330
S07-B09-C04-B2MR	-82074.718034	9706.510679	1628.800995
S07-B09-LV01	-82185.265754	8940.703463	1628.742559
S07-B09-LV02	-81805.457460	9492.251066	1628.702291
S07-B09-LV03	-82013.961555	10129.675796	1628.769949
S07-B10-C01	-81722.553469	10444.846394	1628.540159
S07-B10-C02	-82023.700917	10499.258839	1628.544588
S07-B10-C03	-81726.451050	12143.873668	1628.549946
S07-B10-C04	-81425.343430	12089.538724	1628.588149
S07-B11-C09	-81086.479513	13776.400040	1628.526237
S07-B11-C10	-81384.640260	13845.186017	1628.562830
S07-B11-C11	-81289.792077	14256.198690	1628.556325
S07-B11-C12	-80991.637703	14187.225164	1628.522222
S07-B11-C03-B1	-81460.585316	13110.040739	1628.719778
S07-B11-C04-B1MR	-81447.604654	13172.636720	1628.746583
S07-B11-CENTER	-81393.364024	13127.318080	1628.542000
S08-B01-C01	-80934.421933	14434.906505	1628.630210
S08-B01-C02	-81232.531241	14503.778638	1628.734887
S08-B01-C03	-81030.219498	15380.889316	1628.552291
S08-B01-C04	-80732.095153	15311.968165	1628.599878
S08-B02-C01	-79273.714633	21628.268508	1628.735053
S08-B02-C02	-79571.860860	21697.092708	1628.697322
S08-B02-C03	-79369.612457	22573.543684	1628.730073
S08-B02-C04	-79071.434399	22504.809184	1628.808936
S08-B03-C01	-79014.079334	22753.135331	1628.755864
S08-B03-C02	-79312.233454	22821.984059	1628.699998
S08-B03-C03	-79217.318824	23232.738720	1628.726674
S08-B03-C04	-78919.200722	23163.753140	1628.773461
S08-B03-C07-B1	-78979.436261	23864.282876	1628.940043
S08-B03-C08-B1MR	-78963.168679	23926.681952	1628.978478
S08-B03-CENTER	-78910.568694	23881.460630	1628.739000
S08-B04-C01	-78484.473996	24828.236433	1628.859330
S08-B04-C02	-78778.877974	24911.644765	1628.852291
S08-B04-C03	-78325.098479	26520.107435	1628.829868
S08-B04-C04	-78030.583450	26437.015131	1628.895028
S08-B05-C03-B2	-78023.407743	27254.934139	1628.823765
S08-B05-C04-B2MR	-77917.625200	27584.348621	1628.796852
S08-B05-LV01	-78142.204688	26888.067198	1628.819574
S08-B05-LV02	-77689.420383	27323.263468	1628.788453
S08-B05-LV03	-77801.355431	27950.223983	1628.751281
S08-B06-C01	-77406.366460	28366.718652	1628.763402
S08-B06-C02	-77694.184528	28470.702348	1628.773802
S08-B06-C03	-77238.344685	29732.954481	1628.744170
S08-B06-C04	-76950.540234	29629.044195	1628.763299
S08-B07-C01	-76588.507433	30458.964393	1751.723398
S08-B07-C02	-76898.188051	30584.231088	1751.774925
S08-B07-C03	-76561.452252	31417.651408	1751.719289
S08-B07-C04	-76251.792283	31292.388723	1751.656029
S08-B08-C01	-75935.737706	32140.857066	1628.713523
S08-B08-C02	-76214.869493	32266.219903	1628.737101
S08-B08-C03	-75665.670346	33491.243758	1628.742008
S08-B08-C04	-75386.384058	33366.104083	1628.758840
S08-B09-C03-B2	-75210.894253	34283.851793	1628.818761
S08-B09-C04-B2MR	-75058.128036	34594.299625	1628.778578
S08-B09-LV01	-75337.657814	34034.174598	1628.774074
S08-B09-LV02	-74865.949675	34311.927971	1628.721051
S08-B09-LV03	-74936.764285	34848.724138	1628.765547
S08-B10-C01	-74495.134055	35187.659269	1628.702047
S08-B10-C02	-74764.617398	35332.594767	1628.699887
S08-B10-C03	-73973.838567	36804.719242	1628.670646
S08-B10-C04	-73704.210750	36659.976273	1628.669270
S08-B11-C09	-72860.698494	38159.154308	1628.585345
S08-B11-C10	-73122.954607	38316.827768	1628.611628
S08-B11-C11	-72905.595405	38678.420997	1628.623634
S08-B11-C12	-72643.308559	38520.777707	1628.613027
S08-B11-C03-B1	-73422.675131	37641.032158	1628.732833
S08-B11-C04-B1MR	-73390.501487	37697.246333	1628.741040
S08-B11-CENTER	-73352.945091	37636.907605	1628.608000
S09-B01-C01	-72511.654196	38739.808802	1628.610466
S09-B01-C02	-72773.966475	38897.334897	1628.597453
S09-B01-C03	-72525.560901	39310.885791	1628.609706
S09-B01-C04	-72263.324256	39153.179322	1628.617098
S09-B02-C01	-68496.099288	45423.702251	1628.523279
S09-B02-C02	-68758.329048	45581.454685	1628.536992
S09-B02-C03	-68510.021372	45994.620886	1628.505481
S09-B02-C04	-68247.779728	45836.968610	1628.515058
S09-B03-C01	-68116.065461	46056.177959	1628.528511
S09-B03-C02	-68378.348912	46213.747975	1628.556440
S09-B03-C03	-68161.234601	46575.111170	1628.528262
S09-B03-C04	-67898.954093	46417.502036	1628.507974
S09-B03-C07-B1	-67739.632195	47102.624479	1628.623501
S09-B03-C08-B1MR	-67704.938866	47157.296542	1628.641783
S09-B03-CENTER	-67668.700386	47097.762955	1628.530000
S09-B04-C01	-66971.090221	47866.108917	1628.515575
S09-B04-C02	-67225.337025	48036.411921	1628.513952
S09-B04-C03	-66296.427552	49426.276915	1628.550145
S09-B04-C04	-66042.088782	49256.099173	1628.570795
S09-B05-C03-B2	-65782.539758	50031.913501	1628.609597
S09-B05-C04-B2MR	-65580.243141	50312.315138	1628.531952
S09-B05-LV01	-66032.970239	49684.497540	1628.513754
S09-B05-LV02	-65439.182174	50000.036076	1628.566736
S09-B05-LV03	-65329.943902	50659.469661	1628.476268
S09-B06-C01	-64852.243099	50898.270662	1628.587991
S09-B06-C02	-65093.868142	51086.049134	1628.580887
S09-B06-C03	-64270.094223	52146.162905	1628.481331
S09-B06-C04	-64028.458040	51958.384928	1628.531244
S09-B07-C01	-63427.703205	52635.591017	1751.454619
S09-B07-C02	-63683.579273	52850.292238	1751.315173
S09-B07-C03	-63106.017001	53538.938167	1751.233048
S09-B07-C04	-62850.047317	53324.188092	1751.459678
S09-B08-C01	-62287.366088	54033.334377	1628.498327
S09-B08-C02	-62514.243677	54238.658695	1628.497595
S09-B08-C03	-61613.119770	55234.340773	1628.480387
S09-B08-C04	-61386.180996	55029.027184	1628.469032
S09-B09-C03-B2	-60935.729302	55847.428228	1628.465661
S09-B09-C04-B2MR	-60694.489062	56095.546149	1628.449170
S09-B09-LV01	-61152.464999	55628.446069	1628.465514
S09-B09-LV02	-60605.489902	55760.920275	1628.424653
S09-B09-LV03	-60472.463413	56327.570811	1628.450440
S09-B10-C01	-59975.482711	56486.014487	1628.393481
S09-B10-C02	-60187.118392	56707.065132	1628.417588
S09-B10-C03	-58980.181325	57862.701768	1628.358460
S09-B10-C04	-58768.486387	57641.726243	1628.379515
S09-B11-C09	-57502.992343	58807.207916	1628.363101
S09-B11-C10	-57703.829653	59038.054944	1628.361887
S09-B11-C11	-57385.418428	59314.831153	1628.348146
S09-B11-C12	-57184.812933	59083.804108	1628.376849
S09-B11-C03-B1	-58197.381192	58488.016098	1628.570528
S09-B11-C04-B1MR	-58149.657001	58531.420546	1628.568336
S09-B11-CENTER	-58132.583077	58462.626663	1628.362000
S10-B01-C01	-56992.702247	59250.824489	1628.366891
S10-B01-C02	-57193.634881	59481.575685	1628.368697
S10-B01-C03	-56514.201556	60072.223632	1628.367094
S10-B01-C04	-56313.543371	59841.210211	1628.385594
S10-B02-C01	-51421.511329	64093.899898	1628.249725
S10-B02-C02	-51622.217456	64324.845491	1628.308870
S10-B02-C03	-50942.675901	64915.560111	1628.265689
S10-B02-C04	-50741.968470	64684.588325	1628.238021
S10-B03-C01	-50550.300098	64851.164569	1628.294787
S10-B03-C02	-50750.877833	65082.274531	1628.345743
S10-B03-C03	-50432.698454	65358.790188	1628.286215
S10-B03-C04	-50231.963814	65127.864719	1628.271601
S10-B03-C07-B1	-49868.912298	65730.120846	1628.332834
S10-B03-C08-B1MR	-49818.914137	65771.311446	1628.344716
S10-B03-CENTER	-49802.922290	65703.560778	1628.300000
S10-B04-C01	-48901.644106	66218.956316	1628.324840
S10-B04-C02	-49090.978238	66459.363728	1628.338494
S10-B04-C03	-47778.282007	67494.049699	1628.320958
S10-B04-C04	-47589.020552	67253.573398	1628.338946
S10-B05-C03-B2	-47102.081257	67911.343236	1628.284499
S10-B05-C04-B2MR	-46823.354578	68115.327770	1628.340486
S10-B05-LV01	-47412.611342	67685.248049	1628.245646
S10-B05-LV02	-46791.515802	67770.375443	1628.300679
S10-B05-LV03	-46511.943930	68344.595385	1628.288009
S10-B06-C01	-45949.802244	68447.920423	1628.347839
S10-B06-C02	-46121.285369	68701.349458	1628.357758
S10-B06-C03	-45010.429700	69454.614422	1628.404991
S10-B06-C04	-44838.800046	69201.295803	1628.402738
S10-B07-C01	-44058.037703	69660.026565	1751.386392
S10-B07-C02	-44234.955388	69943.374232	1751.418703
S10-B07-C03	-43472.649598	70419.676083	1751.367251
S10-B07-C04	-43295.754863	70136.312520	1751.343584
S10-B08-C01	-42541.602468	70636.689975	1628.357599
S10-B08-C02	-42693.897910	70902.107008	1628.334242
S10-B08-C03	-41529.158373	71570.627445	1628.364056
S10-B08-C04	-41377.019933	71305.149927	1628.389946
S10-B09-C03-B2	-40695.378943	71944.455753	1628.467953
S10-B09-C04-B2MR	-40389.451843	72105.776078	1628.465891
S10-B09-LV01	-41013.823138	71778.549608	1628.371723
S10-B09-LV02	-40412.993737	71757.434741	1628.415734
S10-B09-LV03	-40064.487188	72278.886288	1628.433858
S10-B10-C01	-39585.036910	72254.981044	1628.379628
S10-B10-C02	-39717.852017	72530.668397	1628.444223
S10-B10-C03	-38212.676926	73256.739152	1628.492266
S10-B10-C04	-38079.796530	72981.084325	1628.457631
S10-B11-C09	-36516.192302	73698.461812	1628.406863
S10-B11-C10	-36635.690647	73980.116381	1628.413688
S10-B11-C11	-36247.279452	74145.017919	1628.401129
S10-B11-C12	-36127.805897	73863.286557	1628.419594
S10-B11-C03-B1	-37275.158953	73609.291492	1628.729551
S10-B11-C04-B1MR	-37216.300686	73635.967447	1628.722392
S10-B11-CENTER	-37221.398301	73565.307228	1628.410000
S11-B01-C01	-35893.748728	73962.652075	1628.424012
S11-B01-C02	-36013.409848	74244.273714	1628.389587
S11-B01-C03	-35184.999879	74596.023130	1628.358197
S11-B01-C04	-35065.557137	74314.326154	1628.382809
S11-B02-C01	-29098.465773	76847.256912	1628.583697
S11-B02-C02	-29217.992069	77128.916685	1628.604433
S11-B02-C03	-28389.853356	77480.454347	1628.609737
S11-B02-C04	-28270.196572	77198.765000	1628.602285
S11-B03-C01	-28035.749081	77298.313920	1628.605209
S11-B03-C02	-28155.327786	77579.975700	1628.644740
S11-B03-C03	-27767.243368	77744.701183	1628.596306
S11-B03-C04	-27647.735965	77462.999225	1628.583658
S11-B03-C07-B1	-27116.660507	77923.356172	1628.701273
S11-B03-C08-B1MR	-27056.221965	77947.198476	1628.733052
S11-B03-CENTER	-27062.054747	77877.826503	1628.607000
S11-B04-C01	-26045.852354	78089.411595	1628.591952
S11-B04-C02	-26151.734121	78376.562489	1628.616826
S11-B04-C03	-24582.952292	78955.160248	1628.609288
S11-B04-C04	-24477.407826	78667.911085	1628.618749
S11-B05-C03-B2	-23811.314094	79142.918038	1628.737864
S11-B05-C04-B2MR	-23482.823417	79250.922559	1628.787111
S11-B05-LV01	-24177.658716	79023.597618	1628.680330
S11-B05-LV02	-23557.006599	78913.699545	1628.648809
S11-B05-LV03	-23116.035502	79372.750392	1628.736741
S11-B06-C01	-22549.170613	79297.230452	1628.664245
S11-B06-C02	-22634.221137	79591.142717	1628.694317
S11-B06-C03	-21345.037108	79964.462188	1628.694793
S11-B06-C04	-21259.962157	79670.545357	1628.704305
S11-B07-C01	-20375.708062	79865.253305	1751.542906
S11-B07-C02	-20456.467234	80189.363583	1751.486184
S11-B07-C03	-19584.154199	80406.859639	1751.429200
S11-B07-C04	-19503.594998	80082.686248	1751.512823
S11-B08-C01	-18631.548565	80325.772184	1628.656249
S11-B08-C02	-18694.260864	80625.248197	1628.650454
S11-B08-C03	-17379.951262	80901.079281	1628.650694
S11-B08-C04	-17317.217873	80601.554107	1628.647434
S11-B09-C03-B2	-16471.710160	80998.951848	1628.711533
S11-B09-C04-B2MR	-16130.621663	81057.860118	1628.692902
S11-B09-LV01	-16893.888746	80926.085649	1628.602508
S11-B09-LV02	-16259.606008	80734.135315	1628.613967
S11-B09-LV03	-15708.263621	81130.782293	1628.631926
S11-B10-C01	-15319.904798	80950.986782	1628.619650
S11-B10-C02	-15361.300507	81254.190510	1628.680462
S11-B10-C03	-13704.492535	81479.902264	1628.629373
S11-B10-C04	-13663.342084	81176.676619	1628.595882
S11-B11-C09	-11954.653192	81375.723873	1628.524972
S11-B11-C10	-11981.461015	81680.538098	1628.540217
S11-B11-C11	-11561.112680	81717.379811	1628.651300
S11-B11-C12	-11534.660978	81412.508282	1628.669432
S11-B11-C03-B1	-12704.370076	81525.566063	1628.457214
S11-B11-C04-B1MR	-12639.859078	81532.781852	1628.485709
S11-B11-CENTER	-12666.677880	81467.036384	1628.596000
S12-B01-C01	-11281.504653	81434.560488	1628.662691
S12-B01-C02	-11308.201743	81739.412460	1628.689364
S12-B01-C03	-10411.606136	81817.898842	1628.694192
S12-B01-C04	-10385.019509	81513.051702	1628.681141
S12-B02-C01	-3927.173398	82077.941311	1628.765876
S12-B02-C02	-3953.557954	82382.806287	1628.797741
S12-B02-C03	-3057.627468	82461.221098	1628.795022
S12-B02-C04	-3031.163423	82156.370256	1628.815630
S12-B03-C01	-2777.096352	82178.604316	1628.785610
S12-B03-C02	-2803.618209	82483.432077	1628.789231
S12-B03-C03	-2383.492393	82520.145879	1628.743193
S12-B03-C04	-2356.984027	82215.271745	1628.792572
S12-B03-C07-B1	-1709.410403	82489.129633	1628.966553
S12-B03-C08-B1MR	-1645.340148	82493.224838	1628.996925
S12-B03-CENTER	-1671.920845	82428.835707	1628.778000
S12-B04-C01	-640.190938	82316.128408	1628.815274
S12-B04-C02	-651.802069	82621.912068	1628.844430
S12-B04-C03	1018.551867	82687.330980	1628.870331
S12-B04-C04	1030.209057	82381.559560	1628.866786
S12-B05-C03-B2	1810.394211	82627.538402	1628.914128
S12-B05-C04-B2MR	2156.211530	82628.656251	1628.984177
S12-B05-LV01	1424.377614	82627.342438	1628.852486
S12-B05-LV02	1976.500180	82330.987121	1628.833244
S12-B05-LV03	2546.952583	82630.911339	1628.934335
S12-B06-C01	3058.037578	82384.180551	1628.919654
S12-B06-C02	3068.267825	82690.044486	1628.960007
S12-B06-C03	4409.982838	82646.611348	1628.905449
S12-B06-C04	4399.934901	82340.768253	1628.934270
S12-B07-C01	5301.033709	82253.100016	1751.831821
S12-B07-C02	5324.445791	82586.242281	1751.810559
S12-B07-C03	6221.078346	82523.597378	1751.764253
S12-B07-C04	6197.675363	82190.374794	1751.848402
S12-B08-C01	7102.223122	82151.768161	1628.929911
S12-B08-C02	7135.096540	82455.987244	1629.022388
S12-B08-C03	8469.857923	82312.316788	1628.973981
S12-B08-C04	8437.125106	82008.062335	1628.930654
S12-B09-C03-B2	9364.211699	82124.705509	1629.088434
S12-B09-C04-B2MR	9706.464891	82075.386126	1629.064984
S12-B09-LV01	8980.091232	82180.981346	1629.022739
S12-B09-LV02	9477.250728	81808.239907	1629.010180
S12-B09-LV03	10091.099861	82021.008237	1629.034094
S12-B10-C01	10445.102586	81723.149808	1628.919589
S12-B10-C02	10499.421647	82024.289234	1628.996464
S12-B10-C03	12144.113090	81727.031060	1628.976498
S12-B10-C04	12089.680478	81425.895087	1628.958551
S12-B11-C09	13776.339477	81087.214052	1628.925950
S12-B11-C10	13845.219862	81385.328043	1628.994291
S12-B11-C11	14256.051045	81290.446483	1629.023299
S12-B11-C12	14187.115101	80992.300252	1629.000829
S12-B11-C03-B1	13109.885128	81461.727762	1629.020484
S12-B11-C04-B1MR	13173.547925	81448.463652	1629.039775
S12-B11-CENTER	13127.603994	81393.966141	1628.986000
S13-B01-C01	14436.677255	80934.674697	1629.033685
S13-B01-C02	14505.457337	81232.871612	1629.029180
S13-B01-C03	14975.228678	81124.491742	1628.985884
S13-B01-C04	14906.286777	80826.339095	1629.040040
S13-B02-C01	22033.608828	79180.960468	1629.040539
S13-B02-C02	22103.222090	79478.939219	1629.016376
S13-B02-C03	22572.627411	79370.479773	1629.024056
S13-B02-C04	22503.703094	79072.346835	1629.038160
S13-B03-C01	22752.913392	79014.833415	1628.977272
S13-B03-C02	22821.676129	79313.077541	1629.002071
S13-B03-C03	23232.909759	79218.033318	1628.978625
S13-B03-C04	23163.953864	78919.916578	1628.988824
S13-B03-C07-B1	23864.193812	78980.268793	1629.158649
S13-B03-C08-B1MR	23927.336825	78963.984356	1629.194467
S13-B03-CENTER	23881.712248	78911.257869	1628.987000
S13-B04-C01	24828.049812	78484.991482	1629.089368
S13-B04-C02	24911.142963	78779.478920	1629.119615
S13-B04-C03	26520.345531	78325.564522	1629.103128
S13-B04-C04	26436.980866	78031.119878	1629.103210
S13-B05-C03-B2	27254.844518	78024.049745	1629.281649
S13-B05-C04-B2MR	27584.253807	77918.252633	1629.266426
S13-B05-LV01	26847.338205	78155.037792	1629.235577
S13-B05-LV02	27321.970652	77690.480574	1629.159713
S13-B05-LV03	27991.942048	77787.458119	1629.201303
S13-B06-C01	28366.307966	77407.103411	1629.335244
S13-B06-C02	28470.775029	77694.715133	1629.355103
S13-B06-C03	29733.135001	77238.923664	1629.316028
S13-B06-C04	29629.114797	76951.155013	1629.331884
S13-B07-C01	30459.040919	76588.958225	1752.086371
S13-B07-C02	30584.217453	76898.654573	1752.104623
S13-B07-C03	31417.564303	76561.876316	1751.993081
S13-B07-C04	31292.362590	76252.176040	1752.027953
S13-B08-C01	32140.810799	75936.256252	1629.321828
S13-B08-C02	32266.111351	76215.412820	1629.415275
S13-B08-C03	33491.233589	75666.169407	1629.318758
S13-B08-C04	33366.026939	75386.933667	1629.276408
S13-B09-C03-B2	34283.763247	75211.264224	1629.376403
S13-B09-C04-B2MR	34594.041903	75058.619216	1629.368917
S13-B09-LV01	33899.718463	75400.416042	1629.288192
S13-B09-LV02	34308.375652	74868.082209	1629.249613
S13-B09-LV03	34978.086916	74869.786688	1629.318609
S13-B10-C01	35187.363176	74495.538994	1629.186073
S13-B10-C02	35332.208487	74765.077277	1629.237742
S13-B10-C03	36804.771387	73973.912266	1629.196936
S13-B10-C04	36659.732179	73704.441947	1629.176823
S13-B11-C09	38159.419873	72860.915897	1629.183098
S13-B11-C10	38316.965890	73123.222485	1629.284817
S13-B11-C12	38520.820113	72643.757842	1629.242553
S13-B11-C03-B1	37640.823957	73422.998368	1629.327493
S13-B11-C04-B1MR	37697.277390	73390.707787	1629.345739
S13-B11-CENTER	37636.907745	73353.359195	1629.249000
S14-B01-C01	38738.769277	72512.768118	1629.273719
S14-B01-C02	38896.647117	72774.879516	1629.349289
S14-B01-C03	39667.788917	72311.614587	1629.292856
S14-B01-C04	39510.113365	72049.370262	1629.246512
S14-B02-C01	45066.596924	68710.806755	1629.576983
S14-B02-C02	45224.254620	68973.065934	1629.642847
S14-B02-C03	45995.655406	68509.498646	1629.600450
S14-B02-C04	45837.980712	68247.280986	1629.512046
S14-B03-C01	46055.684524	68116.355661	1629.498223
S14-B03-C02	46213.280575	68378.623847	1629.528989
S14-B03-C03	46574.739583	68161.467143	1629.506587
S14-B03-C04	46417.062530	67899.224640	1629.507770
S14-B03-C07-B1	47102.193497	67740.191174	1629.741948
S14-B03-C08-B1MR	47157.159984	67705.203322	1629.755388
S14-B03-CENTER	47097.373222	67668.936069	1629.510000
S14-B04-C01	47866.267321	66970.963467	1629.550462
S14-B04-C02	48036.447766	67225.274052	1629.552766
S14-B04-C03	49425.890135	66296.679347	1629.525220
S14-B04-C04	49255.754536	66042.301791	1629.478275
S14-B05-C03-B2	50031.661316	65782.579089	1629.578632
S14-B05-C04-B2MR	50312.093610	65580.277618	1629.580337
S14-B05-LV01	49720.059488	66008.857897	1629.532820
S14-B05-LV02	49988.691939	65447.202258	1629.445350
S14-B05-LV03	50622.971069	65357.445247	1629.553062
S14-B06-C01	50898.021398	64852.411359	1629.518127
S14-B06-C02	51086.130689	65093.745994	1629.554764
S14-B06-C03	52146.076045	64270.044675	1629.499516
S14-B06-C04	51958.141210	64028.534081	1629.475096
S14-B07-C01	52635.308434	63427.677378	1752.411936
S14-B07-C02	52850.114105	63683.537170	1752.411729
S14-B07-C03	53538.619976	63105.682524	1752.371108
S14-B07-C04	53323.827628	62849.849255	1752.391242
S14-B08-C01	54033.158158	62287.280515	1629.659946
S14-B08-C02	54238.557318	62514.087231	1629.750499
S14-B08-C03	55234.006023	61613.167445	1629.728464
S14-B08-C04	55028.727601	61386.247417	1629.677551
S14-B09-C03-B2	55847.264909	60935.678295	1629.803413
S14-B09-C04-B2MR	56095.170995	60694.562543	1629.794877
S14-B09-LV01	55570.543392	61206.162492	1629.738626
S14-B09-LV02	55760.174781	60605.965788	1629.698272
S14-B09-LV03	56362.638730	60436.217344	1629.742388
S14-B10-C01	56485.253726	59975.944193	1629.715424
S14-B10-C02	56706.554875	60187.322184	1629.776987
S14-B10-C03	57862.760398	58979.583823	1629.769349
S14-B10-C04	57641.609980	58768.105242	1629.706546
S14-B11-C09	58806.437205	57502.919257	1629.256655
S14-B11-C10	59037.436346	57703.570927	1629.539423
S14-B11-C11	59314.088654	57385.610561	1629.568589
S14-B11-C12	59083.248573	57184.768365	1629.332512
S14-B11-C03-B1	58487.444855	58197.094786	1629.543497
S14-B11-C04-B1MR	58530.680811	58149.416499	1629.567894
S14-B11-CENTER	58462.069835	58132.405111	1629.424000
S15-B01-C01	59250.243246	56992.230051	1629.387650
S15-B01-C02	59481.202241	57192.975784	1629.413450
S15-B01-C03	60071.436717	56513.914733	1629.376142
S15-B01-C04	59840.362802	56313.280405	1629.356971
S15-B02-C01	64093.498755	51421.038124	1629.157822
S15-B02-C02	64324.498029	51621.724256	1629.247049
S15-B02-C03	64914.697948	50942.620831	1629.208426
S15-B02-C04	64683.748382	50741.906612	1629.157497
S15-B03-C01	64850.587808	50550.113846	1629.132861
S15-B03-C02	65081.709837	50750.662188	1629.172509
S15-B03-C03	65358.174365	50432.492486	1629.179226
S15-B03-C04	65127.166044	50231.837314	1629.173655
S15-B03-C07-B1	65729.281661	49868.975455	1629.415559
S15-B03-C08-B1MR	65770.930337	49818.534626	1629.389031
S15-B03-CENTER	65702.936331	49802.750470	1629.165000
S15-B04-C01	66218.319283	48901.512732	1629.110236
S15-B04-C02	66458.961526	49090.558350	1629.135853
S15-B04-C03	67493.147661	47778.308871	1629.115888
S15-B04-C04	67252.768703	47588.944166	1629.107514
S15-B05-C03-B2	67910.528708	47102.143511	1629.269669
S15-B05-C04-B2MR	68114.746751	46822.986307	1629.260355
S15-B05-LV01	67682.622106	47415.412664	1629.245400
S15-B05-LV02	67767.894253	46793.878004	1629.192324
S15-B05-LV03	68345.190250	46509.848605	1629.216196
S15-B06-C01	68447.153522	45949.512642	1629.202432
S15-B06-C02	68700.459223	46121.167131	1629.215467
S15-B06-C03	69454.103974	45010.107484	1629.185933
S15-B06-C04	69200.799772	44838.435828	1629.214009
S15-B07-C01	69659.403166	44057.755493	1752.094215
S15-B07-C02	69942.700969	44234.700048	1752.142972
S15-B07-C03	70419.008634	43472.470341	1752.037298
S15-B07-C04	70135.664782	43295.555397	1752.063728
S15-B08-C01	70636.133424	42541.254483	1629.084476
S15-B08-C02	70901.520641	42693.606269	1629.136053
S15-B08-C03	71569.885223	41528.944878	1629.121218
S15-B08-C04	71304.389602	41376.760169	1629.104520
S15-B09-C03-B2	71943.726120	40695.087485	1629.162270
S15-B09-C04-B2MR	72104.945619	40389.293362	1629.126429
S15-B09-LV01	71744.063719	41073.750770	1629.076054
S15-B09-LV02	71764.191804	40398.557915	1629.073157
S15-B09-LV03	72304.804386	40010.687926	1629.083942
S15-B10-C01	72254.143293	39585.046469	1629.054132
S15-B10-C02	72529.766091	39717.977436	1629.045570
S15-B10-C03	73256.206943	38212.116128	1629.035000
S15-B10-C04	72980.548391	38079.371070	1629.047086
S15-B11-C09	73697.897116	36515.603752	1628.889621
S15-B11-C10	73979.553473	36635.145978	1629.025361
S15-B11-C11	74144.371354	36246.938621	1629.033008
S15-B11-C12	73862.679313	36127.448073	1628.942205
S15-B11-C03-B1	73608.726763	37275.013575	1629.066199
S15-B11-C04-B1MR	73635.338713	37216.108057	1629.076113
S15-B11-CENTER	73564.607935	37221.185119	1628.973000
S16-B01-C01	73961.903433	35893.539834	1628.985898
S16-B01-C02	74243.584311	36013.070141	1628.993313
S16-B01-C03	74595.245772	35184.422979	1629.010058
S16-B01-C04	74313.518558	35064.972568	1628.997694
S16-B02-C01	76846.224973	29098.337965	1628.904476
S16-B02-C02	77127.929336	29217.745569	1628.935035
S16-B02-C03	77479.626603	28389.251191	1628.873594
S16-B02-C04	77197.909097	28269.775135	1628.866917
S16-B03-C01	77297.424681	28035.248911	1628.854918
S16-B03-C02	77579.117364	28154.812585	1628.896216
S16-B03-C03	77743.909643	27766.539722	1628.869896
S16-B03-C04	77462.190772	27647.134829	1628.873289
S16-B03-C07-B1	77922.721508	27116.098333	1629.024100
S16-B03-C08-B1MR	77946.445811	27055.980083	1629.077612
S16-B03-CENTER	77876.948361	27061.573984	1628.874000
S16-B04-C01	78088.640224	26045.431837	1628.878671
S16-B04-C02	78375.976924	26150.751815	1628.858610
S16-B04-C03	78954.274217	24582.697968	1628.891689
S16-B04-C04	78667.096247	24476.920748	1628.872200
S16-B05-C03-B2	79142.158424	23810.867943	1628.899181
S16-B05-C04-B2MR	79250.097933	23482.497606	1628.897030
S16-B05-LV01	79015.295088	24198.827082	1628.880259
S16-B05-LV02	78914.311393	23552.545032	1628.790114
S16-B05-LV03	79377.595973	23096.974764	1628.800215
S16-B06-C01	79296.200188	22549.187383	1628.774070
S16-B06-C02	79590.094448	22634.576816	1628.807782
S16-B06-C03	79963.679150	21344.367863	1628.792395
S16-B06-C04	79669.700040	21259.419119	1628.753094
S16-B07-C01	79864.481826	20375.395437	1752.144983
S16-B07-C02	80188.670636	20456.140549	1752.186557
S16-B07-C03	80406.112906	19583.921780	1752.126490
S16-B07-C04	80081.943185	19503.252313	1752.100353
S16-B08-C01	80325.028919	18631.199933	1628.747943
S16-B08-C02	80624.562156	18693.836097	1628.740997
S16-B08-C03	80900.386631	17379.967605	1628.785749
S16-B08-C04	80600.838851	17317.119395	1628.705641
S16-B09-C03-B2	80998.244335	16471.188498	1628.740140
S16-B09-C04-B2MR	81057.056614	16130.508285	1628.732359
S16-B09-LV01	80959.812349	16717.915466	1628.702895
S16-B09-LV02	80733.964321	16255.206773	1628.589993
S16-B09-LV03	81090.112916	15976.151617	1628.663185
S16-B10-C01	80950.157213	15319.630201	1628.651767
S16-B10-C02	81253.422638	15360.618713	1628.678937
S16-B10-C03	81479.180807	13704.566004	1628.640470
S16-B10-C04	81175.914214	13663.356321	1628.588660
S16-B11-C09	81374.862948	11954.221791	1628.446879
S16-B11-C10	81679.703957	11980.922021	1628.480331
S16-B11-C11	81716.589762	11560.388096	1628.488833
S16-B11-C12	81411.690168	11533.898799	1628.414697
S16-B11-C03-B1	81524.735094	12703.598648	1628.667459
S16-B11-C04-B1MR	81532.003238	12639.140370	1628.621788
S16-B11-CENTER	81466.221240	12665.931844	1628.458000
S17-B01-C01	81433.683084	11279.796003	1628.524396
S17-B01-C02	81738.544686	11306.599468	1628.519918
S17-B01-C03	81780.620943	10826.206941	1628.542779
S17-B01-C04	81475.703528	10799.849554	1628.472104
S17-B02-C01	82113.526251	3512.157431	1628.613776
S17-B02-C02	82418.410594	3538.680488	1628.607997
S17-B02-C03	82460.382434	3058.572785	1628.615524
S17-B02-C04	82155.521555	3032.070785	1628.572948
S17-B03-C01	82177.784655	2777.657831	1628.538717
S17-B03-C02	82482.673989	2804.144583	1628.568970
S17-B03-C03	82519.435061	2384.117460	1628.604381
S17-B03-C04	82214.550423	2357.595552	1628.512680
S17-B03-C07-B1	82488.473902	1709.697509	1628.704939
S17-B03-C08-B1MR	82492.471032	1644.785161	1628.686074
S17-B03-CENTER	82428.146238	1671.788096	1628.556000
S17-B04-C01	82315.333161	639.830072	1628.588282
S17-B04-C02	82621.164440	651.730444	1628.611123
S17-B04-C03	82686.651540	-1018.366488	1628.707138
S17-B04-C04	82380.861388	-1030.391008	1628.605365
S17-B05-C03-B2	82626.878947	-1810.789421	1628.790076
S17-B05-C04-B2MR	82628.081137	-2156.361984	1628.763244
S17-B05-LV01	82626.633774	-1423.563577	1628.720252
S17-B05-LV02	82330.245728	-1962.359013	1628.704091
S17-B05-LV03	82630.496901	-2542.506720	1628.728015
S17-B06-C01	82383.522871	-3058.445262	1628.645581
S17-B06-C02	82689.429427	-3068.457982	1628.670558
S17-B06-C03	82646.072244	-4410.469191	1628.671562
S17-B06-C04	82340.200205	-4400.557709	1628.617052
S17-B07-C01	82252.127163	-5301.319476	1751.556364
S17-B07-C02	82585.364203	-5324.701895	1751.620765
S17-B07-C03	82522.754098	-6221.479092	1751.571798
S17-B07-C04	82189.547854	-6198.120513	1751.552112
S17-B08-C01	82151.211971	-7102.573479	1628.552484
S17-B08-C02	82455.463982	-7135.430824	1628.589170
S17-B08-C03	82311.671306	-8470.383910	1628.588060
S17-B08-C04	82007.429607	-8437.407888	1628.455004
S17-B09-C03-B2	82124.030196	-9364.759915	1628.525898
S17-B09-C04-B2MR	82074.705989	-9707.046458	1628.511818
S17-B09-LV01	82159.377541	-9153.290088	1628.503284
S17-B09-LV02	81803.313227	-9507.552441	1628.423606
S17-B09-LV03	82054.351417	-9888.856251	1628.461433
S17-B10-C01	81722.496188	-10445.111370	1628.444255
S17-B10-C02	82023.587154	-10499.854508	1628.443255
S17-B10-C03	81726.291501	-12144.779291	1628.449443
S17-B10-C04	81425.187958	-12090.093815	1628.431377
S17-B11-C09	81086.619382	-13776.243652	1628.310819
S17-B11-C10	81384.739325	-13845.171667	1628.312155
S17-B11-C11	81289.984845	-14256.068247	1628.378024
S17-B11-C12	80991.853638	-14187.053679	1628.314518
S17-B11-C03-B1	81460.707061	-13110.135551	1628.414926
S17-B11-C04-B1MR	81447.605534	-13173.425653	1628.407265
S17-B11-CENTER	81393.397862	-13127.753861	1628.329000
S18-B01-C01	80934.396441	-14435.496240	1628.324148
S18-B01-C02	81232.550198	-14504.376180	1628.373760
S18-B01-C03	81030.313530	-15380.607900	1628.413609
S18-B01-C04	80732.114316	-15311.830609	1628.311008
S18-B02-C01	79273.893369	-21628.290447	1628.387087
S18-B02-C02	79572.044827	-21697.174547	1628.474827
S18-B02-C03	79369.501185	-22574.557730	1628.536824
S18-B02-C04	79071.466367	-22505.202323	1628.432094
S18-B03-C01	79014.173464	-22753.144994	1628.437758
S18-B03-C02	79312.339087	-22822.172273	1628.508269
S18-B03-C03	79217.535249	-23233.012419	1628.478650
S18-B03-C04	78919.387473	-23164.046486	1628.366958
S18-B03-C07-B1	78979.794172	-23864.482289	1628.636116
S18-B03-C08-B1MR	78963.689043	-23927.375891	1628.612981
S18-B03-CENTER	78910.678016	-23881.831733	1628.448000
S18-B04-C01	78484.663921	-24828.138830	1628.645319
S18-B04-C02	78779.107764	-24911.556966	1628.678286
S18-B04-C03	78325.084894	-26520.647375	1628.736963
S18-B04-C04	78030.636914	-26437.205937	1628.658763
S18-B05-C03-B2	78023.413324	-27255.431827	1629.034069
S18-B05-C04-B2MR	77917.819598	-27584.303979	1628.947552
S18-B05-LV01	78154.286576	-26847.641248	1629.005975
S18-B05-LV02	77688.198709	-27327.327817	1628.886014
S18-B05-LV03	77786.707816	-27992.370555	1628.946784
S18-B06-C01	77406.506359	-28366.916014	1628.857518
S18-B06-C02	77694.256395	-28471.112588	1628.883693
S18-B06-C03	77238.558499	-29733.035847	1629.048709
S18-B06-C04	76950.742776	-29629.077956	1628.840966
S18-B07-C01	76588.514296	-30459.390847	1751.817436
S18-B07-C02	76898.237495	-30584.560748	1751.862441
S18-B07-C03	76561.571135	-31417.905759	1751.858344
S18-B07-C04	76251.856226	-31292.778303	1751.884344
S18-B08-C01	75936.089194	-32140.743588	1628.767877
S18-B08-C02	76215.318526	-32265.908736	1628.851366
S18-B08-C03	75665.761910	-33491.833999	1628.897749
S18-B08-C04	75386.650375	-33366.422752	1628.779209
S18-B09-C04-B2MR	75058.536505	-34594.310515	1628.986453
S18-B09-LV01	75400.087731	-33899.808267	1628.868073
S18-B09-LV02	74874.747053	-34294.966370	1628.865405
S18-B09-LV03	74869.392129	-34978.934145	1628.896795
S18-B10-C01	74495.288012	-35187.850611	1628.909849
S18-B10-C02	74764.925442	-35332.665829	1628.971305
S18-B10-C03	73973.853938	-36805.279506	1628.909851
S18-B10-C04	73704.379047	-36660.309540	1628.832148
S18-B11-C09	72860.644207	-38159.982369	1628.759163
S18-B11-C10	73122.836893	-38317.774678	1628.803333
S18-B11-C11	72905.789085	-38679.046128	1628.847225
S18-B11-C12	72643.634250	-38521.139421	1628.719440
S18-B11-C03-B1	73422.783095	-37641.362823	1628.997611
S18-B11-C04-B1MR	73390.833324	-37697.772386	1629.015163
S18-B11-CENTER	73353.182960	-37637.346670	1628.782000
S19-B01-C01	72512.589849	-38739.200950	1628.881288
S19-B01-C02	72774.867495	-38896.859105	1628.898771
S19-B01-C03	72311.580190	-39668.029840	1628.885890
S19-B01-C04	72049.379879	-39510.249625	1628.838029
S19-B02-C01	68710.451998	-45066.882723	1628.977169
S19-B02-C02	68972.779075	-45224.441206	1629.079448
S19-B02-C03	68509.343216	-45995.899343	1629.161168
S19-B02-C04	68247.075717	-45838.226858	1628.998097
S19-B03-C01	68115.983687	-46056.360919	1628.963882
S19-B03-C02	68378.226717	-46214.092514	1629.112614
S19-B03-C03	68160.981362	-46575.552219	1629.109781
S19-B03-C04	67898.838502	-46417.725238	1629.005496
S19-B03-C07-B1	67739.683513	-47102.713840	1629.283684
S19-B03-C08-B1MR	67705.147737	-47157.073934	1629.300348
S19-B03-CENTER	67668.790792	-47097.673253	1629.048000
S19-B04-C01	66971.140857	-47866.113565	1629.082557
S19-B04-C02	67225.442042	-48036.299885	1629.219038
S19-B04-C03	66296.650071	-49426.195168	1629.258283
S19-B04-C04	66042.213090	-49256.177657	1629.156926
S19-B05-C03-B2	65782.720961	-50031.793823	1629.153165
S19-B05-C04-B2MR	65580.408225	-50312.237405	1629.126680
S19-B05-LV01	66033.156061	-49684.576151	1629.107481
S19-B05-LV02	65437.854294	-50002.034766	1629.031483
S19-B05-LV03	65330.110254	-50659.241962	1629.076179
S19-B06-C01	64852.596593	-50898.141099	1628.984662
S19-B06-C02	65094.080699	-51086.090702	1629.071974
S19-B06-C03	64270.135938	-52146.185900	1629.027390
S19-B06-C04	64028.530372	-51958.447362	1628.961295
S19-B07-C01	63427.554196	-52635.763766	1751.855044
S19-B07-C02	63683.422440	-52850.480039	1751.907279
S19-B07-C03	63105.721173	-53539.077740	1751.865984
S19-B07-C04	62849.865223	-53324.271179	1751.813452
S19-B08-C01	62287.372342	-54033.498424	1629.047288
S19-B08-C02	62514.247352	-54238.821523	1629.143594
S19-B08-C03	61613.103152	-55234.420554	1629.123848
S19-B08-C04	61386.306069	-55028.965769	1629.055970
S19-B09-C03-B2	60935.669779	-55847.499781	1628.882074
S19-B09-C04-B2MR	60694.501156	-56095.503619	1628.831277
S19-B09-LV01	61191.298076	-55586.851409	1628.856519
S19-B09-LV02	60602.919477	-55763.556220	1628.763302
S19-B09-LV03	60458.307340	-56341.237520	1628.802084
S19-B10-C01	59975.443703	-56485.784350	1628.708182
S19-B10-C02	60187.090300	-56706.817313	1628.766696
S19-B10-C03	58979.954030	-57862.674846	1628.649097
S19-B10-C04	58768.384206	-57641.585029	1628.605008
S19-B11-C09	57502.890719	-58807.060976	1628.528104
S19-B11-C10	57703.681685	-59037.950344	1628.674558
S19-B11-C11	57385.450748	-59314.687501	1628.658236
S19-B11-C12	57184.624925	-59083.746587	1628.526040
S19-B11-C03-B1	58197.240217	-58487.843538	1628.780306
S19-B11-C04-B1MR	58149.566819	-58531.076873	1628.791837
S19-B11-CENTER	58132.545898	-58462.458905	1628.597000
S20-B01-C01	56992.723408	-59250.538789	1628.575279
S20-B01-C02	57193.356046	-59481.576926	1628.657621
S20-B01-C03	56513.864968	-60072.286833	1628.591506
S20-B01-C04	56313.135478	-59841.330690	1628.550769
S20-B02-C01	51421.048320	-64094.020598	1628.354649
S20-B02-C02	51621.858950	-64324.894407	1628.385708
S20-B02-C03	50942.878257	-64915.109588	1628.313789
S20-B02-C04	50742.223141	-64684.108377	1628.315802
S20-B03-C01	50550.395052	-64850.965050	1628.282436
S20-B03-C02	50751.188815	-65081.844975	1628.321029
S20-B03-C03	50432.965141	-65358.574051	1628.232683
S20-B03-C04	50232.296963	-65127.589284	1628.247212
S20-B03-C07-B1	49869.222947	-65730.061789	1628.326561
S20-B03-C08-B1MR	49819.038349	-65771.604615	1628.321023
S20-B03-CENTER	49802.957115	-65703.468229	1628.271000
S20-B04-C01	48901.696075	-66218.997736	1628.446933
S20-B04-C02	49091.395993	-66459.158996	1628.381580
S20-B04-C03	47778.553338	-67493.980433	1628.398364
S20-B04-C04	47589.149367	-67253.612175	1628.416234
S20-B05-C03-B2	47102.451490	-67911.260658	1628.427700
S20-B05-C04-B2MR	46823.453501	-68115.417987	1628.409898
S20-B05-LV01	47365.581451	-67721.834086	1628.391240
S20-B05-LV02	46787.959154	-67773.256190	1628.308735
S20-B05-LV03	46581.933070	-68295.699021	1628.358708
S20-B06-C01	45949.906480	-68447.817545	1628.334089
S20-B06-C02	46121.655991	-68701.133433	1628.337844
S20-B06-C03	45010.494680	-69454.781044	1628.257474
S20-B06-C04	44838.840424	-69201.459676	1628.246859
S20-B07-C01	44058.060810	-69659.933945	1751.038119
S20-B07-C02	44235.013162	-69943.280818	1751.076574
S20-B07-C03	43472.745248	-70419.599021	1751.034254
S20-B07-C04	43295.804403	-70136.240194	1750.972994
S20-B08-C01	42541.426316	-70636.989904	1628.100709
S20-B08-C02	42693.645732	-70902.429169	1628.160885
S20-B08-C03	41529.444239	-71570.608048	1628.134236
S20-B08-C04	41377.388226	-71304.972836	1628.055632
S20-B09-C03-B2	40695.575783	-71944.378893	1628.024986
S20-B09-C04-B2MR	40389.578316	-72105.677733	1628.022746
S20-B09-LV01	40912.258543	-71835.161896	1627.950038
S20-B09-LV02	40410.682902	-71758.682394	1627.963228
S20-B09-LV03	40196.842866	-72212.791491	1627.978578
S20-B10-C01	39585.347025	-72254.600229	1628.029942
S20-B10-C02	39718.466862	-72530.160120	1627.995053
S20-B10-C03	38212.687436	-73256.589327	1627.945491
S20-B10-C04	38079.685497	-72980.986470	1627.920862
S20-B11-C09	36516.359211	-73697.987519	1627.897351
S20-B11-C10	36635.699184	-73979.752327	1627.864128
S20-B11-C11	36247.137792	-74144.703284	1627.886362
S20-B11-C12	36127.896535	-73862.831096	1627.910205
S20-B11-C03-B1	37275.517950	-73609.016308	1628.040005
S20-B11-C04-B1MR	37216.455255	-73635.637537	1628.045702
S20-B11-CENTER	37221.584254	-73564.839623	1627.890000
Solenoid-10F1	54076.757980	-40198.620057	1256.303326
Solenoid-10F2	54048.216080	-40232.987132	1256.273009
Solenoid-11F1	54024.802365	-40259.429582	1256.402676
Solenoid-11F2	53995.004768	-40293.765611	1256.300987
Solenoid-12F1	53972.828543	-40319.642238	1256.040941
Solenoid-12F2	53943.117340	-40353.866133	1256.114194
Solenoid-13F1	53920.344580	-40381.473881	1256.445335
Solenoid-13F2	53891.275989	-40415.247467	1256.490571
Solenoid-15F1	53628.577992	-40719.059159	1256.522091
Solenoid-15F2	53599.292588	-40753.360665	1256.615348
Solenoid-16F1	53342.791021	-41051.095461	1256.203337
Solenoid-16F2	53313.296604	-41085.378953	1256.144378
Solenoid-17F1	53290.106217	-41112.162297	1256.489571
Solenoid-17F2	53260.570066	-41146.739103	1256.370621
Solenoid-18F1	53238.344127	-41172.506433	1256.158887
Solenoid-18F2	53208.638127	-41206.538445	1256.070121
Solenoid-19F1	53185.783746	-41233.376018	1256.192080
Solenoid-19F2	53156.315003	-41267.535150	1255.854954
Solenoid-1F1	54547.161022	-39653.182105	1256.374471
Solenoid-1F2	54517.841547	-39687.008467	1256.259225
Solenoid-20F1	53133.375046	-41293.878329	1255.987994
Solenoid-20F2	53103.876052	-41328.242867	1255.931053
Solenoid-21F1	53080.568505	-41354.764077	1256.238949
Solenoid-21F2	53051.484050	-41388.867589	1256.105342
Solenoid-22F1	53029.211479	-41415.150253	1255.687249
Solenoid-22F2	52999.678182	-41449.289063	1255.757811
Solenoid-23F1	52976.650723	-41475.909317	1256.105179
Solenoid-23F2	52946.905343	-41510.096540	1256.118185
Solenoid-24F1	52924.701897	-41535.683532	1255.858862
Solenoid-24F2	52895.848017	-41569.561062	1255.923766
Solenoid-25F1	52872.410191	-41597.185241	1256.211792
Solenoid-25F2	52842.773885	-41631.288083	1256.200478
Solenoid-26F1	52820.580275	-41658.146275	1256.236220
Solenoid-26F2	52790.891258	-41692.645788	1256.317697
Solenoid-27F1	52767.661292	-41718.306976	1256.022230
Solenoid-27F2	52738.367297	-41752.095311	1256.052770
Solenoid-28F1	52715.830662	-41778.691675	1256.089867
Solenoid-28F2	52686.375728	-41812.902958	1256.045899
Solenoid-2F1	54494.553479	-39714.145855	1256.252765
Solenoid-2F2	54465.530464	-39748.086902	1256.128051
Solenoid-30F1	52663.398352	-41839.701118	1256.348948
Solenoid-30F2	52634.259342	-41873.584348	1256.299486
Solenoid-3F1	54441.888800	-39775.218562	1255.907305
Solenoid-3F2	54412.682594	-39809.228069	1255.943393
Solenoid-4F1	54390.047875	-39836.026641	1256.188449
Solenoid-5F1	54338.121774	-39896.261143	1255.890262
Solenoid-5F2	54308.605779	-39930.517762	1255.906566
Solenoid-6F1	54285.676217	-39956.827479	1256.535296
Solenoid-6F2	54256.779521	-39990.629071	1256.479000
Solenoid-7F1	54233.663373	-40017.024227	1255.918585
Solenoid-7F2	54204.143840	-40051.036439	1256.020783
Solenoid-8F1	54181.646456	-40077.615005	1256.364123
Solenoid-8F2	54152.109092	-40111.679008	1256.344093
Solenoid-9F1	54129.389414	-40138.237042	1255.979093
Solenoid-9F2	54099.818021	-40172.513772	1256.005405
