P31-DIP-C01,  17214.554693,  77080.355176,  1604.997791
P31-DIP-C02,  17270.734418,  77325.037675,  1604.992969
P31-DIP-C03,  18373.996455,  77070.282406,  1605.019446
P31-DIP-C04,  18317.452920,  76825.662444,  1605.002989
P42-DIP-C01,  78940.690246,  -2466.524853,  1604.976376
P42-DIP-C02,  79191.505947,  -2475.889129,  1605.042194
P42-DIP-C03,  79148.051086,  -3606.757095,  1605.036030
P42-DIP-C04,  78897.213285,  -3597.102920,  1604.982764
P43-DIP-C03,  78071.923089,  -13498.022096,  1605.081593
P43-DIP-C04,  77824.254151,  -13457.146666,  1605.066765
P43-DIP-C02,  78256.897643,  -12381.494350,  1605.055832
P43-DIP-C01,  78009.122146,  -12341.335749,  1605.102871
P03-DIP-C02,  12407.182791,  -78252.927246,  1605.035100
P03-DIP-C01,  12369.390824,  -78004.723995,  1605.076638
P03-DIP-C03,  11287.630191,  -78422.162299,  1605.005764
P03-DIP-C04,  11250.122186,  -78173.891024,  1604.990434
P48-DIP-C04,  55051.342787,  -56631.031923,  1604.948551
P48-DIP-C03,  55227.508632,  -56809.805743,  1605.002519
P48-DIP-C01,  55856.793779,  -55836.775101,  1604.959778
P48-DIP-C02,  56033.258286,  -56015.299074,  1604.951932
P50-DIP-C02,  40342.590059,  -68190.259853,  1604.945955
P50-DIP-C01,  40216.168002,  -67973.404601,  1604.952722
P50-DIP-C03,  39364.219953,  -68759.640278,  1605.017862
P50-DIP-C04,  39237.892296,  -68542.745019,  1604.970723
P15-DIP-C03,  -77558.554507,  -16189.664670,  1605.048398
P15-DIP-C04,  -77313.183275,  -16136.510453,  1604.997174
P15-DIP-C02,  -77319.295416,  -17296.279162,  1605.016549
P15-DIP-C01,  -77073.907875,  -17243.048156,  1604.972452
P01-QUAD01-C03,  35326.160911,  -70748.766778,  1605.023811
P01-QUAD01-C04,  35233.782241,  -70564.595870,  1604.980662
P01-QUAD01-C02,  35489.413883,  -70666.968323,  1605.002957
P01-QUAD01-C01,  35397.269215,  -70482.673846,  1604.989648
P03-QUAD01-C01,  16756.375124,  -77071.373304,  1605.018060
P03-QUAD01-C02,  16800.343516,  -77272.673718,  1604.967482
P03-QUAD01-C03,  16621.964854,  -77311.226780,  1605.014469
P03-QUAD01-C04,  16578.202252,  -77109.918039,  1605.020142
P05-DIP-C01,  -7418.174746,  -78630.197976,  1604.992918
P05-DIP-C02,  -7443.338998,  -78879.942591,  1604.977451
P05-DIP-C03,  -8569.469283,  -78765.455613,  1605.010824
P05-DIP-C04,  -8544.200848,  -78515.692688,  1605.008220
P05-QUAD01-C01,  -2936.683232,  -78817.158214,  1604.973620
P05-QUAD01-C02,  -2944.451052,  -79022.987493,  1605.019448
P05-QUAD01-C03,  -3127.019289,  -79015.958294,  1605.010063
P05-QUAD01-C04,  -3119.138137,  -78810.072707,  1604.913630
P06-QUAD01-C01,  -12791.799679,  -77827.673786,  1604.983107
P06-QUAD01-C02,  -12825.592959,  -78030.911387,  1605.007287
P06-QUAD01-C03,  -13005.518018,  -78001.110325,  1605.076755
P06-QUAD01-C04,  -12971.740863,  -77797.853650,  1605.031193
P06-QUAD02-C01,  -16892.177502,  -77148.688981,  1604.984739
P06-QUAD02-C02,  -16926.138004,  -77351.900728,  1604.980355
P06-QUAD02-C03,  -16980.603218,  -77342.803607,  1605.000881
P06-QUAD02-C04,  -16946.594497,  -77139.598153,  1604.961475
P07-QUAD01-C01,  -22445.103828,  -75610.773355,  1605.062364
P07-QUAD01-C02,  -22504.323875,  -75808.085641,  1605.058390
P07-QUAD01-C03,  -22678.879613,  -75756.125922,  1605.089656
P07-QUAD01-C04,  -22620.132294,  -75558.652931,  1605.081100
P08-DIP-C01,  -35843.003013,  -70377.542845,  1605.031692
P08-DIP-C02,  -35958.400828,  -70600.512080,  1604.993132
P08-DIP-C03,  -36963.218263,  -70079.609813,  1605.022830
P08-DIP-C04,  -36847.778113,  -69856.709241,  1605.019649
P08-QUAD01-C01,  -31744.788239,  -72201.401568,  1604.940478
P08-QUAD01-C02,  -31828.117589,  -72389.829709,  1604.939323
P08-QUAD01-C03,  -31994.951542,  -72316.331483,  1605.004169
P08-QUAD01-C04,  -31911.930459,  -72127.742508,  1604.958739
P10-DIP-C01,  -52219.245264,  -59252.644247,  1605.003297
P10-DIP-C02,  -52386.360201,  -59439.990474,  1604.937923
P10-DIP-C03,  -53229.929573,  -58685.678497,  1605.041469
P10-DIP-C04,  -53062.612586,  -58498.545091,  1604.977006
P10-QUAD01-C01,  -48703.395943,  -62038.381447,  1605.035499
P10-QUAD01-C02,  -48830.815003,  -62200.310099,  1605.006257
P10-QUAD01-C03,  -48974.118667,  -62087.564387,  1605.005190
P10-QUAD01-C04,  -48846.745632,  -61925.618561,  1605.031455
P10-QUAD02-C01,  -51969.944159,  -59467.575513,  1604.978688
P10-QUAD02-C02,  -52097.393808,  -59629.487414,  1604.957586
P10-QUAD02-C03,  -52140.501181,  -59595.568441,  1604.946263
P10-QUAD02-C04,  -52013.100121,  -59433.605426,  1604.974499
P11-DIP-C01,  -59234.081358,  -52240.446464,  1605.060459
P11-DIP-C02,  -59423.460681,  -52405.180618,  1604.950261
P11-DIP-C03,  -60165.187903,  -51551.910245,  1605.020387
P11-DIP-C04,  -59975.960331,  -51386.915866,  1605.073141
P11-QUAD01-C01,  -56094.733867,  -55444.971642,  1605.035484
P11-QUAD01-C02,  -56241.447619,  -55589.625484,  1605.027360
P11-QUAD01-C03,  -56369.479967,  -55459.784459,  1605.061655
P11-QUAD01-C04,  -56222.871948,  -55315.020959,  1605.033416
P13-DIP-C03,  -71095.635751,  -34969.268553,  1605.011342
P13-DIP-C04,  -70871.222758,  -34856.830082,  1605.004908
P13-DIP-C02,  -70588.860853,  -35981.325231,  1604.982914
P13-DIP-C01,  -70364.590858,  -35868.617510,  1605.032158
P14-QUAD02-C03,  -74401.742954,  -27104.717655,  1605.150847
P14-QUAD02-C04,  -74212.072745,  -27024.239203,  1605.174594
P14-QUAD02-C02,  -74380.237742,  -27155.501540,  1605.148287
P14-QUAD02-C01,  -74190.543820,  -27075.182297,  1605.187447
P14-QUAD01-C04,  -72637.453236,  -30733.748198,  1605.052369
P14-QUAD01-C03,  -72827.050154,  -30814.360479,  1605.006556
P14-QUAD01-C01,  -72566.382871,  -30901.525876,  1605.051908
P14-QUAD01-C02,  -72755.882982,  -30982.397428,  1604.963793
P15-QUAD01-C01,  -75866.969223,  -21563.040853,  1605.043885
P15-QUAD01-C02,  -76065.294687,  -21619.072853,  1605.035177
P15-QUAD01-C03,  -76114.980041,  -21443.548660,  1605.104023
P15-QUAD01-C04,  -75916.693678,  -21387.375239,  1605.027842
P16-DIP-C01,  -78627.432963,  -7447.062674,  1604.982838
P16-DIP-C02,  -78877.469630,  -7469.065452,  1604.996464
P16-DIP-C03,  -78976.166814,  -6341.318332,  1604.964583
P16-DIP-C04,  -78726.120734,  -6319.323854,  1604.980496
P16-QUAD01-C03,  -78202.326781,  -11734.760553,  1605.003393
P16-QUAD01-C04,  -77998.582986,  -11703.917166,  1604.953715
P16-QUAD01-C02,  -78175.124104,  -11915.406221,  1604.984275
P16-QUAD01-C01,  -77971.395639,  -11884.237081,  1604.974213
P16-QUAD02-C01,  -78592.783122,  -7774.921417,  1605.152812
P16-QUAD02-C02,  -78796.540048,  -7805.552463,  1605.141517
P16-QUAD02-C03,  -78804.761476,  -7751.094463,  1605.171685
P16-QUAD02-C04,  -78600.947785,  -7720.429875,  1605.134324
P17-DIP-C01,  -78940.746531,  2466.424801,  1604.978848
P17-DIP-C02,  -79191.616306,  2476.002984,  1604.932155
P17-DIP-C03,  -79148.170566,  3606.577294,  1605.070176
P17-DIP-C04,  -78897.303795,  3597.128036,  1605.047357
P17-QUAD01-C01,  -78846.048812,  -2018.293483,  1604.960865
P17-QUAD01-C02,  -79052.037037,  -2023.142002,  1604.982595
P17-QUAD01-C03,  -79056.522516,  -1840.829454,  1605.023536
P17-QUAD01-C04,  -78850.521573,  -1835.704436,  1604.964690
P18-DIP-C01,  -78009.316610,  12340.211815,  1605.003944
P18-DIP-C02,  -78257.028646,  12381.035939,  1604.900983
P18-DIP-C03,  -78071.966894,  13498.983260,  1604.994879
P18-DIP-C04,  -77824.289561,  13457.885127,  1604.959851
P18-QUAD01-C01,  -78477.274427,  7879.857371,  1605.063289
P18-QUAD01-C02,  -78682.279618,  7900.734541,  1604.981207
P18-QUAD01-C03,  -78663.906207,  8082.267445,  1604.983948
P18-QUAD01-C04,  -78458.939330,  8061.280176,  1604.999962
P18-QUAD02-C01,  -78057.329452,  12012.549296,  1605.096274
P18-QUAD02-C02,  -78262.262297,  12033.706892,  1605.053537
P18-QUAD02-C03,  -78256.621696,  12088.432604,  1605.068456
P18-QUAD02-C04,  -78051.665027,  12067.298542,  1605.069061
P19-DIP-C02,  -76087.917014,  22092.263482,  1604.943856
P19-DIP-C01,  -75847.352846,  22020.684109,  1604.996922
P19-DIP-C04,  -75523.990037,  23105.147236,  1605.012342
P19-DIP-C03,  -75764.605682,  23176.738766,  1604.967906
P19-QUAD01-C01,  -76870.947129,  17653.519805,  1604.966483
P19-QUAD01-C02,  -77071.755732,  17699.656022,  1604.975252
P19-QUAD01-C03,  -77030.507130,  17877.602922,  1605.029021
P19-QUAD01-C04,  -76829.725750,  17831.350469,  1605.007089
P20-DIP-C01,  -72489.297768,  31353.265875,  1605.039603
P20-DIP-C02,  -72719.065864,  31454.358983,  1605.031866
P20-DIP-C03,  -72262.318434,  32489.939341,  1605.044676
P20-DIP-C04,  -72032.542612,  32388.734786,  1604.995301
P20-QUAD01-C01,  -74052.254759,  27148.623582,  1605.010456
P20-QUAD01-C02,  -74245.604446,  27219.725129,  1605.084476
P20-QUAD01-C03,  -74182.560093,  27390.933490,  1605.082689
P20-QUAD01-C04,  -73989.189939,  27319.767495,  1605.095475
P20-QUAD02-C01,  -72617.295815,  31048.057604,  1605.246096
P20-QUAD02-C02,  -72810.510292,  31119.539952,  1605.231860
P20-QUAD02-C03,  -72791.403677,  31171.128533,  1605.229854
P20-QUAD02-C04,  -72598.135581,  31099.748303,  1605.194646
P21-DIP-C01,  -67987.893694,  40191.710313,  1604.996577
P21-DIP-C02,  -68203.383241,  40320.570812,  1604.912267
P21-DIP-C03,  -67620.698331,  41290.412450,  1605.014395
P21-DIP-C04,  -67405.503183,  41161.071755,  1604.984075
P21-QUAD01-C04,  -69981.577224,  36377.688330,  1604.943303
P21-QUAD01-C03,  -70164.565237,  36472.492030,  1604.946325
P21-QUAD01-C02,  -70248.696814,  36310.437737,  1604.907915
P21-QUAD01-C01,  -70065.639657,  36215.801343,  1604.948771
P22-DIP-C01,  -62414.708082,  48395.573880,  1605.016104
P22-DIP-C02,  -62612.075702,  48550.650953,  1604.982798
P22-DIP-C03,  -61912.177554,  49440.127586,  1605.060090
P22-DIP-C04,  -61714.855357,  49284.922084,  1604.980689
P22-QUAD01-C01,  -64974.154584,  44711.673766,  1604.962243
P22-QUAD01-C02,  -65143.737273,  44828.764849,  1604.944377
P22-QUAD01-C03,  -65040.156590,  44978.824730,  1604.914065
P22-QUAD01-C04,  -64870.495582,  44861.784943,  1604.948773
P22-QUAD02-C01,  -62614.419505,  48132.237206,  1604.888469
P22-QUAD02-C02,  -62783.971802,  48249.260685,  1604.841466
P22-QUAD02-C03,  -62752.555307,  48294.608681,  1604.871547
P22-QUAD02-C04,  -62582.921891,  48177.646553,  1604.851575
P24-DIP-C01,  -48418.303475,  62397.030347,  1605.036644
P24-DIP-C02,  -48570.921252,  62596.336263,  1605.003920
P24-DIP-C03,  -47671.837686,  63283.724251,  1604.982140
P24-DIP-C04,  -47519.285520,  63084.372381,  1604.928650
P24-QUAD01-C02,  -51948.655344,  59621.039257,  1604.998048
P24-QUAD01-C01,  -51813.424417,  59465.559443,  1605.035201
P24-QUAD01-C03,  -51811.011109,  59740.554185,  1605.010270
P24-QUAD01-C04,  -51675.773228,  59585.091142,  1605.019882
P24-QUAD02-C03,  -48770.167738,  62383.685345,  1605.169066
P24-QUAD02-C04,  -48634.637479,  62228.502945,  1605.203052
P24-QUAD02-C02,  -48811.737627,  62347.608031,  1605.158369
P24-QUAD02-C01,  -48676.340585,  62192.380560,  1605.253960
P25-DIP-C01,  -40216.356771,  67973.089225,  1605.053486
P25-DIP-C02,  -40342.776700,  68190.019582,  1605.103912
P25-DIP-C03,  -39364.060105,  68759.679638,  1605.099561
P25-DIP-C04,  -39237.798972,  68542.689481,  1605.023838
P25-QUAD01-C01,  -43951.750167,  65490.583774,  1605.032896
P25-QUAD01-C02,  -44066.407371,  65661.763175,  1605.007156
P25-QUAD01-C03,  -43914.825445,  65763.250948,  1605.032352
P25-QUAD01-C04,  -43800.112403,  65592.082010,  1605.024107
P26-DIP-C04,  -30338.493214,  72919.826380,  1604.986587
P26-DIP-C03,  -30436.634088,  73150.863612,  1605.046068
P26-DIP-C02,  -31477.658575,  72709.090779,  1605.001768
P26-DIP-C01,  -31379.130036,  72478.174695,  1605.023133
P26-QUAD01-C01,  -35397.215062,  70482.805172,  1605.037822
P26-QUAD01-C02,  -35489.609485,  70666.987745,  1605.026372
P26-QUAD01-C03,  -35326.292441,  70748.758918,  1605.008913
P26-QUAD01-C04,  -35234.074560,  70564.488739,  1605.049153
P26-QUAD02-C01,  -31773.848166,  72527.737108,  1604.864064
P26-QUAD02-C02,  -31682.244682,  72343.156316,  1604.904210
P26-QUAD02-C03,  -31632.869703,  72367.770401,  1604.884051
P26-QUAD02-C04,  -31724.544845,  72552.261233,  1604.880644
P27-DIP-C01,  -22048.370054,  75839.247152,  1604.963639
P27-DIP-C02,  -22116.938858,  76080.770636,  1604.914219
P27-DIP-C03,  -21027.817172,  76388.900107,  1604.920359
P27-DIP-C04,  -20959.442622,  76147.358656,  1604.916145
P27-QUAD01-C01,  -26284.218688,  74363.448602,  1604.997852
P27-QUAD01-C02,  -26352.720367,  74557.767086,  1604.990563
P27-QUAD01-C03,  -26180.469018,  74618.310618,  1605.039676
P27-QUAD01-C04,  -26111.995146,  74423.987981,  1604.999347
P28-DIP-C01,  -12369.201136,  78004.582037,  1605.002898
P28-DIP-C02,  -12406.838544,  78252.810126,  1604.997856
P28-DIP-C03,  -11287.956251,  78422.018067,  1605.007666
P28-DIP-C04,  -11250.460200,  78173.852912,  1604.990929
P28-QUAD01-C01,  -16756.744569,  77071.240841,  1605.029943
P28-QUAD01-C02,  -16800.474499,  77272.625680,  1605.016362
P28-QUAD01-C03,  -16621.837479,  77311.204953,  1605.009687
P28-QUAD01-C04,  -16578.189884,  77109.796158,  1604.974206
P28-QUAD02-C01,  -12695.264652,  77949.281273,  1604.726789
P28-QUAD02-C02,  -12738.426694,  78150.715796,  1604.690336
P28-QUAD02-C03,  -12684.468186,  78162.272765,  1604.712684
P28-QUAD02-C04,  -12641.284539,  77960.867767,  1604.722156
P32-DIP-C01,  26739.584295,  74314.940399,  1604.983437
P32-DIP-C02,  26825.902909,  74550.702586,  1605.028864
P32-DIP-C03,  27888.555512,  74159.620597,  1605.045571
P32-DIP-C04,  27801.885082,  73923.988090,  1605.018801
P32-QUAD02-C01,  26428.299274,  74423.366529,  1605.020963
P32-QUAD02-C02,  26487.162904,  74620.782980,  1605.059533
P32-QUAD02-C03,  26539.799269,  74605.081587,  1605.058006
P32-QUAD02-C04,  26481.160072,  74407.587455,  1604.998783
P32-QUAD01-C01,  22445.179022,  75610.843208,  1605.046674
P32-QUAD01-C02,  22504.138620,  75808.220933,  1604.978698
P32-QUAD01-C03,  22678.945675,  75756.118856,  1605.000636
P32-QUAD01-C04,  22620.106924,  75558.651714,  1605.013989
P33-QUAD01-C01,  31744.772529,  72201.312350,  1605.005801
P33-QUAD01-C02,  31828.171667,  72389.725162,  1605.010214
P33-QUAD01-C03,  31994.929153,  72316.329109,  1605.052210
P33-QUAD01-C04,  31912.014091,  72127.712887,  1605.028950
P33-DIP-C04,  36847.442597,  69856.902518,  1604.956085
P33-DIP-C03,  36962.901122,  70079.803085,  1604.940315
P33-DIP-C02,  35958.455995,  70600.487629,  1604.968822
P33-DIP-C01,  35843.096296,  70377.537123,  1605.008490
P34-DIP-C01,  44381.168594,  65330.212513,  1605.037342
P34-DIP-C02,  44523.506826,  65536.999246,  1605.029083
P34-DIP-C03,  45455.134262,  64894.288274,  1604.998193
P34-DIP-C04,  45312.598103,  64687.605017,  1604.988593
P34-QUAD01-C01,  40543.673875,  67653.380534,  1605.038795
P34-QUAD01-C02,  40649.959447,  67829.935354,  1605.006355
P34-QUAD01-C03,  40806.237205,  67736.037217,  1605.010639
P34-QUAD01-C04,  40700.190857,  67559.352284,  1605.021892
P34-QUAD02_C01,  44105.963790,  65512.986094,  1605.044983
P34-QUAD02_C02,  44212.214285,  65689.538250,  1604.997660
P34-QUAD02_C03,  44259.456263,  65661.058295,  1605.015359
P34-QUAD02_C04,  44153.069230,  65484.604259,  1605.024407
P35-DIP-C01,  52219.257250,  59252.660989,  1605.037938
P35-DIP-C02,  52386.437496,  59439.959514,  1605.043220
P35-DIP-C04,  53062.585032,  58498.526514,  1605.027610
P35-DIP-C03,  53229.894574,  58685.703553,  1605.030899
P36-DIP-C04,  59976.165151,  51386.579673,  1604.995408
P36-DIP-C03,  60165.553084,  51551.258125,  1605.002415
P36-DIP-C02,  59423.031760,  52405.582015,  1604.942994
P36-DIP-C01,  59233.752970,  52240.681023,  1605.050870
P36-QUAD02-C01,  59011.483089,  52487.362446,  1604.792484
P36-QUAD02-C02,  59158.486316,  52631.721335,  1604.709398
P36-QUAD02-C03,  59197.050040,  52592.461979,  1604.743465
P36-QUAD02-C04,  59050.116931,  52448.033319,  1604.775687
P37-DIP-C04,  65943.543776,  43464.463783,  1604.927220
P37-DIP-C03,  66152.141655,  43604.086034,  1604.935809
P37-DIP-C02,  65522.726233,  44544.382788,  1604.937793
P37-DIP-C01,  65314.156992,  44404.683303,  1604.950219
P37-QUAD01-C01,  62601.542495,  47977.283919,  1605.009473
P37-QUAD01-C02,  62765.278071,  48102.347472,  1605.000076
P37-QUAD01-C03,  62875.940266,  47957.603117,  1605.032739
P37-QUAD01-C04,  62712.296366,  47832.433681,  1605.005744
P38-QUAD01-C03,  68390.648392,  39698.970420,  1604.969286
P38-QUAD01-C02,  68299.155165,  39856.791346,  1604.957932
P38-QUAD01-C01,  68121.273812,  39752.841743,  1604.996555
P38-QUAD01-C04,  68212.752204,  39595.107802,  1604.955489
P38-DIP-C01,  70364.537534,  35868.556067,  1605.078942
P38-DIP-C02,  70588.844434,  35981.155959,  1605.100806
P38-DIP-C03,  71095.529363,  34969.250712,  1605.073632
P38-DIP-C04,  70871.095459,  34856.902642,  1605.056074
P39-DIP-C01,  74305.166303,  26766.825187,  1604.961963
P39-DIP-C02,  74541.816462,  26850.518554,  1604.954995
P39-DIP-C03,  74917.813962,  25782.832536,  1604.931148
P39-DIP-C04,  74681.068419,  25699.440228,  1604.914808
P39-QUAD01-C01,  72566.267199,  30901.824235,  1604.998672
P39-QUAD01-C02,  72756.015017,  30982.185036,  1604.943794
P39-QUAD01-C03,  72827.165318,  30814.309676,  1605.003817
P39-QUAD01-C04,  72637.591054,  30733.590059,  1605.002039
P40-DIP-C01,  77074.170771,  17242.432567,  1605.056569
P40-DIP-C02,  77319.434046,  17295.860034,  1604.959804
P40-DIP-C03,  77558.613907,  16189.883100,  1605.034200
P40-DIP-C04,  77313.257056,  16136.883496,  1605.036175
P40-QUAD02-C01,  76998.574220,  17563.975348,  1605.021675
P40-QUAD02-C02,  77196.824128,  17620.133096,  1604.948355
P40-QUAD02-C03,  77211.799211,  17567.124451,  1604.934828
P40-QUAD02-C04,  77013.525958,  17511.033727,  1605.000646
P41-DIP-C01,  78627.376010,  7446.710121,  1605.006801
P41-DIP-C02,  78877.403414,  7468.682792,  1605.037519
P41-DIP-C03,  78975.954022,  6341.770897,  1605.038571
P41-DIP-C04,  78725.964014,  6319.645707,  1604.945456
P42-QUAD01-C01,  78846.024716,  2018.378186,  1604.966634
P42-QUAD01-C02,  79052.010920,  2023.212580,  1604.945293
P42-QUAD01-C03,  79056.489276,  1841.072684,  1604.980607
P42-QUAD01-C04,  78850.540951,  1836.075169,  1604.970549
P42-QUAD02-C01,  78947.452576,  -2136.310863,  1604.903208
P42-QUAD02-C02,  79153.421606,  -2131.605708,  1604.943462
P42-QUAD02-C03,  79154.700198,  -2186.717437,  1604.945141
P42-QUAD02-C04,  78948.537865,  -2191.407146,  1604.969110
P43-QUAD01-C03,  78663.728331,  -8082.186406,  1604.945288
P43-QUAD01-C04,  78458.720360,  -8061.530441,  1604.998522
P43-QUAD01-C01,  78477.353338,  -7879.894122,  1605.082793
P43-QUAD01-C02,  78682.389372,  -7900.311167,  1605.006523
P44-DIP-C01,  75847.298895,  -22020.795487,  1604.923213
P44-DIP-C02,  76087.973664,  -22092.288719,  1604.914774
P44-DIP-C03,  75764.626722,  -23176.709664,  1604.998116
P44-DIP-C04,  75524.074946,  -23105.095663,  1604.969991
P44-QUAD01-C01,  76870.912485,  -17653.396946,  1604.981152
P44-QUAD01-C02,  77071.687739,  -17699.768662,  1604.935938
P44-QUAD01-C03,  77030.634160,  -17877.339697,  1604.930793
P44-QUAD01-C04,  76829.798490,  -17831.190386,  1604.917963
P44-QUAD02-C01,  75936.024824,  -21702.828581,  1604.992120
P44-QUAD02-C02,  76136.804251,  -21749.164599,  1604.968641
P44-QUAD02-C03,  76124.344039,  -21802.892033,  1604.967015
P44-QUAD02-C04,  75923.577086,  -21756.650929,  1604.972865
P45-DIP-C01,  72489.271625,  -31353.229588,  1605.000308
P45-DIP-C02,  72719.052485,  -31454.203280,  1605.016858
P45-DIP-C03,  72262.334254,  -32489.952588,  1605.000682
P45-DIP-C04,  72032.705892,  -32388.549662,  1605.037398
P45-QUAD01-C01,  74052.129233,  -27148.679099,  1605.059427
P45-QUAD01-C02,  74245.533466,  -27219.772243,  1605.038942
P45-QUAD01-C03,  74182.453390,  -27391.124211,  1605.103622
P45-QUAD01-C04,  73989.037763,  -27320.076891,  1605.058359
P46-QUAD01-C02,  70248.464364,  -36310.810705,  1604.974724
P46-QUAD01-C01,  70065.666022,  -36215.808982,  1605.026359
P46-QUAD01-C04,  69981.685111,  -36377.787057,  1604.971359
P46-QUAD01-C03,  70164.656412,  -36472.483884,  1604.961542
P47-DIP-C02,  62611.937593,  -48550.727145,  1604.958987
P47-DIP-C01,  62414.593715,  -48395.631109,  1605.029138
P47-DIP-C03,  61912.136410,  -49440.022249,  1605.006081
P47-DIP-C04,  61714.857554,  -49284.882507,  1604.999171
P47-QUAD01-C01,  64974.066697,  -44711.807877,  1604.911882
P47-QUAD01-C02,  65143.626783,  -44828.863307,  1604.950390
P47-QUAD01-C03,  65040.075397,  -44978.880114,  1604.983119
P47-QUAD01-C04,  64870.471373,  -44861.843969,  1604.898424
P48-QUAD01-C04,  58736.226433,  -52638.715126,  1605.005134
P48-QUAD01-C03,  58889.867894,  -52775.977703,  1604.993117
P48-QUAD01-C02,  59011.335357,  -52640.107834,  1604.971432
P48-QUAD01-C01,  58857.783485,  -52502.704040,  1605.015413
P50-QUAD01-C04,  43800.381951,  -65592.074762,  1604.922594
P50-QUAD01-C03,  43915.056309,  -65763.221013,  1604.949213
P50-QUAD01-C01,  43952.092355,  -65490.469616,  1604.946738
P50-QUAD01-C02,  44066.430001,  -65661.809063,  1604.927006
P01-DIP-C03,  30435.751691,  -73151.275947,  1604.911740
P01-DIP-C02,  31478.254638,  -72708.755346,  1604.920320
P01-DIP-C01,  31379.882117,  -72477.802425,  1605.013939
P01-DIP-C04,  30337.662722,  -72920.192837,  1604.968721
P02-DIP-C01,  22048.351458,  -75839.278545,  1604.928891
P02-DIP-C02,  22116.838294,  -76080.788311,  1604.971270
P02-DIP-C03,  21027.840448,  -76388.922624,  1605.012377
P02-DIP-C04,  20959.404214,  -76147.373030,  1604.948561
P03-QUAD01-C01,  16756.608366,  -77071.402113,  1604.988462
P03-QUAD01-C02,  16800.380297,  -77272.743917,  1604.988181
P03-QUAD01-C03,  16621.944833,  -77311.129276,  1605.010890
P03-QUAD01-C04,  16578.367773,  -77109.779227,  1604.963666
P04-QUAD01-C03,  6801.438575,  -78784.897825,  1605.110635
P04-QUAD01-C04,  6783.180887,  -78579.634764,  1605.091660
P04-QUAD01-C02,  6983.026206,  -78769.079150,  1605.027288
P04-QUAD01-C01,  6965.216949,  -78563.767933,  1605.043074
P04-DIP-C02,  2501.480184,  -79190.843732,  1605.072750
P04-DIP-C01,  2495.046107,  -78939.863551,  1605.049787
P04-DIP-C04,  1363.907530,  -78967.396682,  1605.032268
P04-DIP-C03,  1369.986452,  -79218.383594,  1605.049263
P14-DIP-C04,  -74681.359238,  -25698.581896,  1604.989627
P14-DIP-C03,  -74918.208872,  -25781.924461,  1605.018411
P14-DIP-C02,  -74541.694272,  -26851.344161,  1604.967515
P14-DIP-C01,  -74305.015934,  -26767.621981,  1605.009651
P23-DIP-C01,  -55856.835656,  55836.697108,  1605.048558
P23-DIP-C02,  -56033.200228,  56015.349759,  1604.993240
P23-DIP-C03,  -55227.681544,  56809.724885,  1605.041611
P23-DIP-C04,  -55051.339478,  56631.046629,  1605.038682
P23-QUAD01-C01,  -58857.934794,  52502.494162,  1605.083719
P23-QUAD01-C02,  -59011.321680,  52640.065306,  1605.055261
P23-QUAD01-C03,  -58889.879141,  52775.930110,  1605.050371
P23-QUAD01-C04,  -58736.180371,  52638.688753,  1605.046828
P29-DIP-C01,  -2495.329667,  78939.919846,  1605.037266
P29-DIP-C02,  -2501.772956,  79190.910530,  1604.997741
P29-DIP-C03,  -1369.680536,  79218.540349,  1604.936427
P29-DIP-C04,  -1363.500501,  78967.571393,  1604.974367
P29-QUAD01-C01,  -6964.991011,  78563.722163,  1604.991038
P29-QUAD01-C02,  -6983.167568,  78768.947708,  1604.977515
P29-QUAD01-C03,  -6801.300024,  78784.901270,  1604.983155
P29-QUAD01-C04,  -6783.425808,  78579.650450,  1604.960770
P34-QUAD02_C01,  44105.963790,  65512.986094,  1605.044983
P34-QUAD02_C02,  44212.214285,  65689.538250,  1604.997660
P34-QUAD02_C03,  44259.456263,  65661.058295,  1605.015359
P34-QUAD02_C04,  44153.069230,  65484.604259,  1605.024407
P35-QUAD01-C04,  48846.604160,  61925.620584,  1604.942226
P35-QUAD01-C01,  48703.376046,  62038.432032,  1604.891384
P35-QUAD01-C02,  48830.810653,  62200.319892,  1604.901519
P35-QUAD01-C03,  48973.889060,  62087.547041,  1604.966155
P36-QUAD01-C01,  56094.838708,  55445.028255,  1604.940060
P36-QUAD01-C02,  56241.448093,  55589.798694,  1604.894895
P36-QUAD01-C03,  56369.415290,  55459.759862,  1605.056078
P36-QUAD01-C04,  56222.983938,  55315.022122,  1604.991252
P40-QUAD01-C03,  76114.888937,  21443.694482,  1604.931218
P40-QUAD01-C04,  75916.683594,  21387.539607,  1604.899860
P40-QUAD01-C01,  75867.275431,  21562.947027,  1604.937113
P40-QUAD01-C02,  76065.401778,  21619.282155,  1604.916061
P41-QUAD01-C01,  77971.536272,  11884.554672,  1605.061162
P41-QUAD01-C02,  78175.244563,  11915.436834,  1605.015257
P41-QUAD01-C03,  78202.347789,  11734.651665,  1605.075966
P41-QUAD01-C04,  77998.654199,  11703.728254,  1605.069118
P46-DIP-C01,  67988.172496,  -40191.288350,  1605.029065
P46-DIP-C02,  68203.530158,  -40320.282811,  1605.044759
P46-DIP-C03,  67620.264219,  -41290.831657,  1605.064113
P46-DIP-C04,  67405.097842,  -41161.539370,  1605.000466
P46-QUAD02-C01,  68153.207239,  -39905.526734,  1605.063490
P46-QUAD02-C02,  68335.993067,  -40000.634412,  1605.048001
P46-QUAD02-C03,  68310.598402,  -40049.491176,  1605.048544
P46-QUAD02-C04,  68127.770361,  -39954.549450,  1605.026121
P48-QUAD02-C02,  56240.940787,  -55738.438205,  1604.858175
P48-QUAD02-C03,  56204.233531,  -55779.458551,  1604.856515
P48-QUAD02-C04,  56050.843724,  -55642.022920,  1604.865544
P48-QUAD02-C01,  56087.403427,  -55601.090730,  1604.865362
P04-QUAD02-C02,  2842.732469,  -79131.355651,  1605.164009
P04-QUAD02-C01,  2825.020223,  -78926.024439,  1605.198171
P04-QUAD02-C03,  2787.681690,  -79136.050470,  1605.162125
P04-QUAD02-C04,  2770.027032,  -78930.805090,  1605.144650
P50-QUAD02-C03,  40569.667576,  -68002.929044,  1604.723682
P50-QUAD02-C04,  40455.211233,  -67831.643953,  1604.694789
P50-QUAD02-C02,  40615.404608,  -67972.469582,  1604.704412
P50-QUAD02-C01,  40501.196256,  -67801.020679,  1604.737912
P09-QUAD01-C02,  -40649.867789,  -67830.001904,  1604.936983
P09-QUAD01-C01,  -40543.856801,  -67653.360221,  1604.951215
P09-QUAD01-C03,  -40806.223055,  -67736.002622,  1604.975639
P09-QUAD01-C04,  -40700.250094,  -67559.334206,  1604.926077
P02-QUAD02-C04,  22312.195705,  -75761.931493,  1605.000106
P02-QUAD02-C03,  22380.417038,  -75956.369815,  1605.056475
P02-QUAD02-C02,  22432.300234,  -75938.197351,  1605.050943
P02-QUAD02-C01,  22364.153629,  -75743.746445,  1605.032421
P12-QUAD01-C01,  -62601.432516,  -47977.359172,  1605.005347
P12-QUAD01-C02,  -62765.160345,  -48102.489527,  1605.012443
P12-QUAD01-C03,  -62876.133788,  -47957.513962,  1604.994205
P12-QUAD01-C04,  -62712.414633,  -47832.420463,  1604.992678
P12-DIP-C02,  -65522.605591,  -44544.655640,  1605.002859
P12-DIP-C01,  -65314.169829,  -44404.773244,  1604.955709
P12-DIP-C03,  -66152.280754,  -43603.913938,  1604.989796
P12-DIP-C04,  -65943.620082,  -43464.345705,  1605.006180
P13-QUAD01-C02,  -68299.157194,  -39856.443487,  1605.021347
P13-QUAD01-C01,  -68120.993555,  -39752.933201,  1605.014019
P13-QUAD01-C04,  -68213.007480,  -39595.103908,  1604.941447
P13-QUAD01-C03,  -68390.998431,  -39698.891783,  1604.984008
