P01-DIP,  30907.952500,  -72814.443300,  1605.000000
P01-DIP-C01,  31379.898100,  -72477.776100,  1605.000000
P01-DIP-C02,  31478.029100,  -72708.798400,  1605.000000
P01-DIP-C03,  30435.936800,  -73151.140300,  1605.000000
P01-DIP-C04,  30337.863300,  -72920.093600,  1605.000000
P01-QUAD01,  35361.709400,  -70615.701800,  1605.000000
P01-QUAD01-C04,  35234.222100,  -70564.350000,  1605.000000
P01-QUAD01-C01,  35396.958200,  -70482.857900,  1605.000000
P01-QUAD01-C03,  35326.460500,  -70748.545800,  1605.000000
P01-QUAD01-C02,  35489.196600,  -70667.053600,  1605.000000
P02-DIP,  21538.103900,  -76114.090500,  1605.000000
P02-DIP-C01,  22048.559900,  -75839.218200,  1605.000000
P02-DIP-C02,  22116.902200,  -76080.734900,  1605.000000
P02-DIP-C03,  21027.651300,  -76388.961800,  1605.000000
P02-DIP-C04,  20959.324400,  -76147.440700,  1605.000000
P02-QUAD01,  26232.377500,  -74490.873300,  1605.000000
P02-QUAD02,  22372.710300,  -75850.076700,  1605.000000
P02-QUAD01-C01,  26283.998100,  -74363.494700,  1605.000000
P02-QUAD01-C02,  26352.423300,  -74557.798600,  1605.000000
P02-QUAD01-C03,  26180.756800,  -74618.251900,  1605.000000
P02-QUAD01-C04,  26112.331600,  -74423.948000,  1605.000000
P02-QUAD02-C01,  22364.436400,  -75743.790300,  1605.000000
P02-QUAD02-C02,  22432.861600,  -75938.094200,  1605.000000
P02-QUAD02-C03,  22380.984300,  -75956.363000,  1605.000000
P02-QUAD02-C04,  22312.559100,  -75762.059200,  1605.000000
P03-DIP,  11828.706700,  -78213.338900,  1605.000000
P03-DIP-C01,  12369.551000,  -78004.616800,  1605.000000
P03-DIP-C02,  12407.146100,  -78252.785300,  1605.000000
P03-DIP-C03,  11287.787000,  -78422.072400,  1605.000000
P03-DIP-C04,  11250.253700,  -78173.894600,  1605.000000
P03-QUAD01,  16689.345300,  -77191.279200,  1605.000000
P03-QUAD01-C04,  16578.634000,  -77109.835900,  1605.000000
P03-QUAD01-C01,  16756.523700,  -77071.374800,  1605.000000
P03-QUAD01-C03,  16622.166900,  -77311.183600,  1605.000000
P03-QUAD01-C02,  16800.056600,  -77272.722500,  1605.000000
P04-DIP,  1932.640200,  -79079.135000,  1605.000000
P04-DIP-C01,  2495.417200,  -78939.843500,  1605.000000
P04-DIP-C02,  2501.549700,  -79190.768600,  1605.000000
P04-DIP-C03,  1369.866700,  -79218.426300,  1605.000000
P04-DIP-C04,  1363.750200,  -78967.500900,  1605.000000
P04-QUAD01,  6883.112200,  -78674.332500,  1605.000000
P04-QUAD02,  2806.683500,  -79030.973800,  1605.000000
P04-QUAD01-C01,  6964.788900,  -78563.793300,  1605.000000
P04-QUAD01-C02,  6982.743000,  -78769.009400,  1605.000000
P04-QUAD01-C03,  6801.435500,  -78784.871800,  1605.000000
P04-QUAD01-C04,  6783.481400,  -78579.655600,  1605.000000
P04-QUAD02-C01,  2825.101800,  -78925.969000,  1605.000000
P04-QUAD02-C02,  2843.055900,  -79131.185100,  1605.000000
P04-QUAD02-C03,  2788.265200,  -79135.978700,  1605.000000
P04-QUAD02-C04,  2770.311100,  -78930.762600,  1605.000000
P05-DIP,  -7993.780300,  -78697.802800,  1605.000000
P05-DIP-C01,  -7418.020600,  -78630.140600,  1605.000000
P05-DIP-C02,  -7443.323600,  -78879.861900,  1605.000000
P05-DIP-C03,  -8569.615900,  -78765.457300,  1605.000000
P05-DIP-C04,  -8544.250800,  -78515.742300,  1605.000000
P05-QUAD01,  -3031.671700,  -78916.644600,  1605.000000
P05-QUAD01-C04,  -3118.650700,  -78810.227300,  1605.000000
P05-QUAD01-C01,  -2936.784800,  -78817.213800,  1605.000000
P05-QUAD01-C03,  -3126.558600,  -79016.075400,  1605.000000
P05-QUAD01-C02,  -2944.692700,  -79023.062000,  1605.000000
P08-DIP,  -36403.078300,  -70228.630700,  1605.000000
P08-DIP-C01,  -35842.808900,  -70377.688600,  1605.000000
P08-DIP-C02,  -35958.319000,  -70600.530300,  1605.000000
P08-DIP-C03,  -36963.344600,  -70079.574500,  1605.000000
P08-DIP-C04,  -36847.820300,  -69856.740200,  1605.000000
P08-QUAD01,  -31869.931500,  -72258.807700,  1605.000000
P08-QUAD02,  -35613.946500,  -70607.500400,  1605.000000
P08-QUAD01-C01,  -31745.105100,  -72201.289500,  1605.000000
P08-QUAD01-C02,  -31828.235400,  -72389.771200,  1605.000000
P08-QUAD01-C03,  -31994.758000,  -72316.326000,  1605.000000
P08-QUAD01-C04,  -31911.627700,  -72127.844300,  1605.000000
P08-QUAD02-C01,  -35547.220000,  -70524.357000,  1605.000000
P08-QUAD02-C02,  -35630.350300,  -70712.838700,  1605.000000
P08-QUAD02-C03,  -35680.673100,  -70690.643700,  1605.000000
P08-QUAD02-C04,  -35597.542700,  -70502.162000,  1605.000000
P09-DIP,  -44917.958700,  -65112.377300,  1605.000000
P09-DIP-C01,  -44380.820100,  -65330.458800,  1605.000000
P09-DIP-C02,  -44523.297500,  -65537.101400,  1605.000000
P09-DIP-C03,  -45455.160100,  -64894.252500,  1605.000000
P09-DIP-C04,  -45312.631300,  -64687.645200,  1605.000000
P09-QUAD01,  -40675.057600,  -67694.663900,  1605.000000
P09-QUAD01-C04,  -40700.010900,  -67559.507200,  1605.000000
P09-QUAD01-C01,  -40544.006500,  -67653.244100,  1605.000000
P09-QUAD01-C03,  -40806.108800,  -67736.083700,  1605.000000
P09-QUAD01-C02,  -40650.104300,  -67829.820600,  1605.000000
P10-DIP,  -52724.558900,  -58969.191700,  1605.000000
P10-DIP-C01,  -52218.960600,  -59252.900000,  1605.000000
P10-DIP-C02,  -52386.260200,  -59440.014500,  1605.000000
P10-DIP-C03,  -53230.154600,  -58685.485800,  1605.000000
P10-DIP-C04,  -53062.843100,  -58498.382000,  1605.000000
P10-QUAD01,  -48838.713800,  -62062.934700,  1605.000000
P10-QUAD02,  -52054.440200,  -59532.407600,  1605.000000
P10-QUAD01-C01,  -48703.504700,  -62038.266600,  1605.000000
P10-QUAD01-C02,  -48830.896900,  -62200.153200,  1605.000000
P10-QUAD01-C03,  -48973.922800,  -62087.602800,  1605.000000
P10-QUAD01-C04,  -48846.530700,  -61925.716300,  1605.000000
P10-QUAD02-C01,  -51969.133100,  -59468.470600,  1605.000000
P10-QUAD02-C02,  -52096.525200,  -59630.357100,  1605.000000
P10-QUAD02-C03,  -52139.747300,  -59596.344600,  1605.000000
P10-QUAD02-C04,  -52012.355200,  -59434.458100,  1605.000000
P11-DIP,  -59699.568200,  -51896.110100,  1605.000000
P11-DIP-C01,  -59233.539400,  -52240.921100,  1605.000000
P11-DIP-C02,  -59422.930600,  -52405.639000,  1605.000000
P11-DIP-C03,  -60165.647000,  -51551.241600,  1605.000000
P11-DIP-C04,  -59976.214900,  -51386.570700,  1605.000000
P11-QUAD01,  -56232.154200,  -55452.436000,  1605.000000
P11-QUAD01-C04,  -56222.711500,  -55315.319900,  1605.000000
P11-QUAD01-C01,  -56094.919600,  -55444.908600,  1605.000000
P11-QUAD01-C03,  -56369.388800,  -55459.963400,  1605.000000
P11-QUAD01-C02,  -56241.597000,  -55589.552200,  1605.000000
P06-DIP,  -17794.258400,  -77075.346600,  1605.000000
P06-DIP-C01,  -17214.521700,  -77080.388200,  1605.000000
P06-DIP-C02,  -17270.984400,  -77324.955100,  1605.000000
P06-DIP-C03,  -18373.991700,  -77070.305800,  1605.000000
P06-DIP-C04,  -18317.513400,  -76825.742500,  1605.000000
P06-QUAD01,  -12898.644300,  -77914.394100,  1605.000000
P06-QUAD02,  -16935.697600,  -77246.064300,  1605.000000
P06-QUAD01-C01,  -12792.043700,  -77827.639800,  1605.000000
P06-QUAD01-C02,  -12825.688800,  -78030.873700,  1605.000000
P06-QUAD01-C03,  -13005.244900,  -78001.148400,  1605.000000
P06-QUAD01-C04,  -12971.599800,  -77797.914500,  1605.000000
P06-QUAD02-C01,  -16891.744300,  -77148.938800,  1605.000000
P06-QUAD02-C02,  -16925.389400,  -77352.172700,  1605.000000
P06-QUAD02-C03,  -16979.650900,  -77343.189700,  1605.000000
P06-QUAD02-C04,  -16946.005700,  -77139.955900,  1605.000000
P07-DIP,  -27313.988700,  -74237.394300,  1605.000000
P07-DIP-C01,  -26739.490600,  -74315.043400,  1605.000000
P07-DIP-C02,  -26826.101900,  -74550.626700,  1605.000000
P07-DIP-C03,  -27888.558300,  -74159.718800,  1605.000000
P07-DIP-C04,  -27801.888500,  -73924.157100,  1605.000000
P07-QUAD01,  -22562.197600,  -75683.387000,  1605.000000
P07-QUAD01-C04,  -22619.979000,  -75558.682200,  1605.000000
P07-QUAD01-C01,  -22445.564300,  -75610.677400,  1605.000000
P07-QUAD01-C03,  -22678.830800,  -75756.096600,  1605.000000
P07-QUAD01-C02,  -22504.416100,  -75808.091900,  1605.000000
P14-DIP,  -74611.508000,  -26274.846700,  1605.000000
P14-DIP-C01,  -74305.126300,  -26767.036000,  1605.000000
P14-DIP-C02,  -74541.875100,  -26850.408400,  1605.000000
P14-DIP-C03,  -74917.888500,  -25782.660700,  1605.000000
P14-DIP-C04,  -74681.134300,  -25699.303300,  1605.000000
P14-QUAD01,  -72696.738000,  -30857.934500,  1605.000000
P14-QUAD02,  -74295.609700,  -27091.228600,  1605.000000
P14-QUAD01-C01,  -72566.369400,  -30901.455100,  1605.000000
P14-QUAD01-C02,  -72755.993400,  -30981.945700,  1605.000000
P14-QUAD01-C03,  -72827.106500,  -30814.413900,  1605.000000
P14-QUAD01-C04,  -72637.482500,  -30733.923200,  1605.000000
P14-QUAD02-C01,  -74190.052600,  -27076.297200,  1605.000000
P14-QUAD02-C02,  -74379.676600,  -27156.787800,  1605.000000
P14-QUAD02-C03,  -74401.166900,  -27106.160100,  1605.000000
P14-QUAD02-C04,  -74211.542900,  -27025.669400,  1605.000000
P15-DIP,  -77316.272100,  -16716.421600,  1605.000000
P15-DIP-C01,  -77074.002000,  -17243.092900,  1605.000000
P15-DIP-C02,  -77319.320200,  -17296.196400,  1605.000000
P15-DIP-C03,  -77558.558400,  -16189.675800,  1605.000000
P15-DIP-C04,  -77313.227000,  -16136.633300,  1605.000000
P15-QUAD01,  -75991.027200,  -21503.293200,  1605.000000
P15-QUAD01-C04,  -75916.696200,  -21387.686500,  1605.000000
P15-QUAD01-C01,  -75867.141200,  -21562.810200,  1605.000000
P15-QUAD01-C03,  -76114.913100,  -21443.776200,  1605.000000
P15-QUAD01-C02,  -76065.358100,  -21618.899900,  1605.000000
P16-DIP,  -78801.738900,  -6894.246500,  1605.000000
P16-DIP-C01,  -78627.385200,  -7447.166900,  1605.000000
P16-DIP-C02,  -78877.430100,  -7469.043000,  1605.000000
P16-DIP-C03,  -78976.092200,  -6341.329700,  1605.000000
P16-DIP-C04,  -78726.046000,  -6319.469600,  1605.000000
P16-QUAD01,  -78086.892500,  -11809.532200,  1605.000000
P16-QUAD02,  -78698.791100,  -7763.541100,  1605.000000
P16-QUAD01-C01,  -77971.442900,  -11884.106900,  1605.000000
P16-QUAD01-C02,  -78175.126700,  -11914.911100,  1605.000000
P16-QUAD01-C03,  -78202.342100,  -11734.957500,  1605.000000
P16-QUAD01-C04,  -77998.658300,  -11704.153200,  1605.000000
P16-QUAD02-C01,  -78592.837000,  -7775.329700,  1605.000000
P16-QUAD02-C02,  -78796.520800,  -7806.134000,  1605.000000
P16-QUAD02-C03,  -78804.745300,  -7751.752400,  1605.000000
P16-QUAD02-C04,  -78601.061500,  -7720.948100,  1605.000000
P17-DIP,  -79044.444300,  3036.530500,  1605.000000
P17-DIP-C01,  -78940.763300,  2466.155400,  1605.000000
P17-DIP-C02,  -79191.580700,  2475.728400,  1605.000000
P17-DIP-C03,  -79148.122300,  3606.981700,  1605.000000
P17-DIP-C04,  -78897.307300,  3597.346400,  1605.000000
P17-QUAD01,  -78951.280900,  -1929.527700,  1605.000000
P17-QUAD01-C04,  -78850.535000,  -1836.038400,  1605.000000
P17-QUAD01-C01,  -78846.088300,  -2017.984100,  1605.000000
P17-QUAD01-C03,  -79056.473500,  -1841.071400,  1605.000000
P17-QUAD01-C02,  -79052.026800,  -2023.017100,  1605.000000
P12-DIP,  -65733.161600,  -44004.501500,  1605.000000
P12-DIP-C01,  -65314.002900,  -44405.033800,  1605.000000
P12-DIP-C02,  -65522.580000,  -44544.664000,  1605.000000
P12-DIP-C03,  -66152.318300,  -43603.972200,  1605.000000
P12-DIP-C04,  -65943.732300,  -43464.355300,  1605.000000
P12-QUAD01,  -62738.780000,  -47967.419300,  1605.000000
P12-QUAD02,  -65224.162000,  -44716.674700,  1605.000000
P12-QUAD01-C01,  -62601.684100,  -47977.151300,  1605.000000
P12-QUAD01-C02,  -62765.333500,  -48102.270700,  1605.000000
P12-QUAD01-C03,  -62875.875900,  -47957.687300,  1605.000000
P12-QUAD01-C04,  -62712.226500,  -47832.567900,  1605.000000
P12-QUAD02-C01,  -65125.634400,  -44675.961400,  1605.000000
P12-QUAD02-C02,  -65289.283800,  -44801.080800,  1605.000000
P12-QUAD02-C03,  -65322.689500,  -44757.388000,  1605.000000
P12-QUAD02-C04,  -65159.040100,  -44632.268600,  1605.000000
P13-DIP,  -70730.034300,  -35419.019500,  1605.000000
P13-DIP-C01,  -70364.397600,  -35868.894300,  1605.000000
P13-DIP-C02,  -70588.802400,  -35981.337600,  1605.000000
P13-DIP-C03,  -71095.705000,  -34969.076500,  1605.000000
P13-DIP-C04,  -70871.272300,  -34856.689000,  1605.000000
P13-QUAD01,  -68255.977800,  -39725.927700,  1605.000000
P13-QUAD01-C04,  -68212.732300,  -39595.467600,  1605.000000
P13-QUAD01-C01,  -68121.182600,  -39752.765700,  1605.000000
P13-QUAD01-C03,  -68390.772900,  -39699.089700,  1605.000000
P13-QUAD01-C02,  -68299.223300,  -39856.387800,  1605.000000
P20-DIP,  -72375.818800,  31921.552900,  1605.000000
P20-DIP-C01,  -72489.402900,  31353.029600,  1605.000000
P20-DIP-C02,  -72719.057800,  31454.319500,  1605.000000
P20-DIP-C03,  -72262.236100,  32490.073000,  1605.000000
P20-DIP-C04,  -72032.587700,  32388.768500,  1605.000000
P20-QUAD01,  -74117.351000,  27269.875400,  1605.000000
P20-QUAD02,  -72704.390800,  31110.188900,  1605.000000
P20-QUAD01-C01,  -74052.108400,  27148.906900,  1605.000000
P20-QUAD01-C02,  -74245.438000,  27220.038300,  1605.000000
P20-QUAD01-C03,  -74182.593700,  27390.844000,  1605.000000
P20-QUAD01-C04,  -73989.264100,  27319.712600,  1605.000000
P20-QUAD02-C01,  -72617.221700,  31048.814600,  1605.000000
P20-QUAD02-C02,  -72810.551300,  31119.946000,  1605.000000
P20-QUAD02-C03,  -72791.559900,  31171.563200,  1605.000000
P20-QUAD02-C04,  -72598.230300,  31100.431700,  1605.000000
P21-DIP,  -67804.314800,  40740.883400,  1605.000000
P21-DIP-C01,  -67988.238800,  40191.111200,  1605.000000
P21-DIP-C02,  -68203.419900,  40320.332300,  1605.000000
P21-DIP-C03,  -67620.351600,  41290.720900,  1605.000000
P21-DIP-C04,  -67405.202600,  41161.446300,  1605.000000
P21-QUAD01,  -70115.091900,  36344.211600,  1605.000000
P21-QUAD01-C04,  -69981.768800,  36377.602200,  1605.000000
P21-QUAD01-C01,  -70065.525100,  36216.019800,  1605.000000
P21-QUAD01-C03,  -70164.658700,  36472.403400,  1605.000000
P21-QUAD01-C02,  -70248.415100,  36310.821000,  1605.000000
P22-DIP,  -62163.432000,  48917.812900,  1605.000000
P22-DIP-C01,  -62414.833600,  48395.398000,  1605.000000
P22-DIP-C02,  -62612.083700,  48550.618500,  1605.000000
P22-DIP-C03,  -61912.032500,  49440.224900,  1605.000000
P22-DIP-C04,  -61714.792300,  49284.991900,  1605.000000
P22-QUAD01,  -65007.075900,  44845.377800,  1605.000000
P22-QUAD02,  -62683.459300,  48213.651800,  1605.000000
P22-QUAD01-C01,  -64973.966700,  44711.984500,  1605.000000
P22-QUAD01-C02,  -65143.532800,  44828.960300,  1605.000000
P22-QUAD01-C03,  -65040.185200,  44978.771100,  1605.000000
P22-QUAD01-C04,  -64870.619100,  44861.795300,  1605.000000
P22-QUAD02-C01,  -62614.292000,  48132.527700,  1605.000000
P22-QUAD02-C02,  -62783.858100,  48249.503500,  1605.000000
P22-QUAD02-C03,  -62752.626700,  48294.776000,  1605.000000
P22-QUAD02-C04,  -62583.060600,  48177.800200,  1605.000000
P23-DIP,  -55542.271900,  56323.181000,  1605.000000
P23-DIP-C01,  -55857.140300,  55836.421000,  1605.000000
P23-DIP-C02,  -56033.425200,  56015.095700,  1605.000000
P23-DIP-C03,  -55227.349200,  56809.994600,  1605.000000
P23-DIP-C04,  -55051.108800,  56631.276000,  1605.000000
P23-QUAD01,  -58873.859500,  52639.305700,  1605.000000
P23-QUAD01-C04,  -58736.421000,  52638.491100,  1605.000000
P23-QUAD01-C01,  -58857.729900,  52502.814500,  1605.000000
P23-QUAD01-C03,  -58889.989100,  52775.796800,  1605.000000
P23-QUAD01-C02,  -59011.298000,  52640.120200,  1605.000000
P18-DIP,  -78040.566700,  12919.544400,  1605.000000
P18-DIP-C01,  -78009.196400,  12340.635100,  1605.000000
P18-DIP-C02,  -78256.826000,  12381.629900,  1605.000000
P18-DIP-C03,  -78071.937600,  13498.450300,  1605.000000
P18-DIP-C04,  -77824.310600,  13457.439700,  1605.000000
P18-QUAD01,  -78570.560400,  7980.906500,  1605.000000
P18-QUAD02,  -78157.038000,  12051.958300,  1605.000000
P18-QUAD01-C01,  -78477.283800,  7879.963500,  1605.000000
P18-QUAD01-C02,  -78682.229300,  7900.781100,  1605.000000
P18-QUAD01-C03,  -78663.837000,  8081.849400,  1605.000000
P18-QUAD01-C04,  -78458.891600,  8061.031800,  1605.000000
P18-QUAD02-C01,  -78057.344400,  12014.190300,  1605.000000
P18-QUAD02-C02,  -78262.289800,  12035.007900,  1605.000000
P18-QUAD02-C03,  -78256.731700,  12089.726400,  1605.000000
P18-QUAD02-C04,  -78051.786300,  12068.908800,  1605.000000
P19-DIP,  -75805.963300,  22598.686200,  1605.000000
P19-DIP-C01,  -75847.386100,  22020.446100,  1605.000000
P19-DIP-C02,  -76087.942900,  22092.094100,  1605.000000
P19-DIP-C03,  -75764.518600,  23176.999400,  1605.000000
P19-DIP-C04,  -75523.979700,  23105.291600,  1605.000000
P19-QUAD01,  -76950.735300,  17765.477100,  1605.000000
P19-QUAD01-C04,  -76829.904600,  17830.974800,  1605.000000
P19-QUAD01-C01,  -76870.845700,  17653.639400,  1605.000000
P19-QUAD01-C03,  -77030.624800,  17877.314700,  1605.000000
P19-QUAD01-C02,  -77071.565900,  17699.979300,  1605.000000
P26-DIP,  -30907.894600,  72814.467900,  1605.000000
P26-DIP-C01,  -31379.874800,  72477.786000,  1605.000000
P26-DIP-C02,  -31477.948400,  72708.832700,  1605.000000
P26-DIP-C03,  -30435.917600,  73151.148500,  1605.000000
P26-DIP-C04,  -30337.858800,  72920.095500,  1605.000000
P26-QUAD01,  -35361.709400,  70615.701800,  1605.000000
P26-QUAD02,  -31702.830200,  72447.932000,  1605.000000
P26-QUAD01-C01,  -35396.958200,  70482.857900,  1605.000000
P26-QUAD01-C02,  -35489.196600,  70667.053600,  1605.000000
P26-QUAD01-C03,  -35326.460500,  70748.545800,  1605.000000
P26-QUAD01-C04,  -35234.222100,  70564.350000,  1605.000000
P26-QUAD02-C01,  -31681.300300,  72343.520800,  1605.000000
P26-QUAD02-C02,  -31773.538600,  72527.716500,  1605.000000
P26-QUAD02-C03,  -31724.360200,  72552.343300,  1605.000000
P26-QUAD02-C04,  -31632.121800,  72368.147500,  1605.000000
P27-DIP,  -21538.164500,  76114.073300,  1605.000000
P27-DIP-C01,  -22048.584200,  75839.211300,  1605.000000
P27-DIP-C02,  -22116.986600,  76080.711000,  1605.000000
P27-DIP-C03,  -21027.671400,  76388.956100,  1605.000000
P27-DIP-C04,  -20959.329100,  76147.439400,  1605.000000
P27-QUAD01,  -26232.377500,  74490.873300,  1605.000000
P27-QUAD01-C04,  -26112.331600,  74423.948000,  1605.000000
P27-QUAD01-C01,  -26283.998100,  74363.494700,  1605.000000
P27-QUAD01-C03,  -26180.756800,  74618.251900,  1605.000000
P27-QUAD01-C02,  -26352.423300,  74557.798600,  1605.000000
P28-DIP,  -11828.644400,  78213.348300,  1605.000000
P28-DIP-C01,  -12369.526000,  78004.620600,  1605.000000
P28-DIP-C02,  -12407.059300,  78252.798400,  1605.000000
P28-DIP-C03,  -11287.766400,  78422.075600,  1605.000000
P28-DIP-C04,  -11250.248900,  78173.895300,  1605.000000
P28-QUAD01,  -16689.345300,  77191.279200,  1605.000000
P28-QUAD02,  -12689.759500,  78056.020300,  1605.000000
P28-QUAD01-C01,  -16756.523700,  77071.374800,  1605.000000
P28-QUAD01-C02,  -16800.056600,  77272.722500,  1605.000000
P28-QUAD01-C03,  -16622.166900,  77311.183600,  1605.000000
P28-QUAD01-C04,  -16578.634000,  77109.835900,  1605.000000
P28-QUAD02-C01,  -12694.871900,  77949.535000,  1605.000000
P28-QUAD02-C02,  -12738.404900,  78150.882700,  1605.000000
P28-QUAD02-C03,  -12684.647000,  78162.505500,  1605.000000
P28-QUAD02-C04,  -12641.114100,  77961.157900,  1605.000000
P29-DIP,  -1932.703100,  79079.133400,  1605.000000
P29-DIP-C01,  -2495.442500,  78939.842900,  1605.000000
P29-DIP-C02,  -2501.637400,  79190.766500,  1605.000000
P29-DIP-C03,  -1369.887600,  79218.425800,  1605.000000
P29-DIP-C04,  -1363.755100,  78967.500800,  1605.000000
P29-QUAD01,  -6883.112200,  78674.332500,  1605.000000
P29-QUAD01-C04,  -6783.481400,  78579.655600,  1605.000000
P29-QUAD01-C01,  -6964.788900,  78563.793300,  1605.000000
P29-QUAD01-C03,  -6801.435500,  78784.871800,  1605.000000
P29-QUAD01-C02,  -6982.743000,  78769.009400,  1605.000000
P24-DIP,  -48045.088100,  62840.386700,  1605.000000
P24-DIP-C01,  -48418.510800,  62396.905500,  1605.000000
P24-DIP-C02,  -48570.962100,  62596.303600,  1605.000000
P24-DIP-C03,  -47671.668200,  63283.865700,  1605.000000
P24-DIP-C04,  -47519.229500,  63084.457900,  1605.000000
P24-QUAD01,  -51812.167100,  59603.080200,  1605.000000
P24-QUAD02,  -48723.895500,  62287.673700,  1605.000000
P24-QUAD01-C01,  -51813.271600,  59465.643700,  1605.000000
P24-QUAD01-C02,  -51948.419800,  59621.113900,  1605.000000
P24-QUAD01-C03,  -51811.062700,  59740.516700,  1605.000000
P24-QUAD01-C04,  -51675.914500,  59585.046500,  1605.000000
P24-QUAD02-C01,  -48677.076000,  62191.897000,  1605.000000
P24-QUAD02-C02,  -48812.224100,  62347.367200,  1605.000000
P24-QUAD02-C03,  -48770.715100,  62383.450400,  1605.000000
P24-QUAD02-C04,  -48635.566900,  62227.980300,  1605.000000
P25-DIP,  -39790.303700,  68366.486100,  1605.000000
P25-DIP-C01,  -40216.332300,  67973.323100,  1605.000000
P25-DIP-C02,  -40342.644300,  68190.224600,  1605.000000
P25-DIP-C03,  -39364.209300,  68759.687400,  1605.000000
P25-DIP-C04,  -39237.951300,  68542.754400,  1605.000000
P25-QUAD01,  -43933.366000,  65626.878500,  1605.000000
P25-QUAD01-C04,  -43800.447900,  65591.910000,  1605.000000
P25-QUAD01-C01,  -43951.687100,  65490.664200,  1605.000000
P25-QUAD01-C03,  -43915.044800,  65763.092900,  1605.000000
P25-QUAD01-C02,  -44066.284000,  65661.847000,  1605.000000
P32-DIP,  27314.047800,  74237.372500,  1605.000000
P32-DIP-C01,  26739.514300,  74315.034700,  1605.000000
P32-DIP-C02,  26826.184200,  74550.596400,  1605.000000
P32-DIP-C03,  27888.577900,  74159.711600,  1605.000000
P32-DIP-C04,  27801.893100,  73924.155400,  1605.000000
P32-QUAD01,  22562.197600,  75683.387000,  1605.000000
P32-QUAD02,  26483.653600,  74514.350200,  1605.000000
P32-QUAD01-C01,  22445.564300,  75610.677400,  1605.000000
P32-QUAD01-C02,  22504.416100,  75808.091900,  1605.000000
P32-QUAD01-C03,  22678.830800,  75756.096600,  1605.000000
P32-QUAD01-C04,  22619.979000,  75558.682200,  1605.000000
P32-QUAD02-C01,  26427.873800,  74423.499400,  1605.000000
P32-QUAD02-C02,  26486.725600,  74620.913900,  1605.000000
P32-QUAD02-C03,  26539.433300,  74605.201000,  1605.000000
P32-QUAD02-C04,  26480.581500,  74407.786600,  1605.000000
P33-DIP,  36403.022400,  70228.659700,  1605.000000
P33-DIP-C01,  35842.786400,  70377.700300,  1605.000000
P33-DIP-C02,  35958.241100,  70600.570700,  1605.000000
P33-DIP-C03,  36963.326100,  70079.584100,  1605.000000
P33-DIP-C04,  36847.815900,  69856.742400,  1605.000000
P33-QUAD01,  31869.931500,  72258.807700,  1605.000000
P33-QUAD01-C04,  31911.627700,  72127.844300,  1605.000000
P33-QUAD01-C01,  31745.105100,  72201.289500,  1605.000000
P33-QUAD01-C03,  31994.758000,  72316.326000,  1605.000000
P33-QUAD01-C02,  31828.235400,  72389.771200,  1605.000000
P34-DIP,  44918.010500,  65112.341500,  1605.000000
P34-DIP-C01,  44380.840900,  65330.444400,  1605.000000
P34-DIP-C02,  44523.369700,  65537.051600,  1605.000000
P34-DIP-C03,  45455.177300,  64894.240600,  1605.000000
P34-DIP-C04,  45312.635300,  64687.642500,  1605.000000
P34-QUAD01,  40675.057600,  67694.663900,  1605.000000
P34-QUAD02,  44182.586200,  65587.128100,  1605.000000
P34-QUAD01-C01,  40544.006500,  67653.244100,  1605.000000
P34-QUAD01-C02,  40650.104300,  67829.820600,  1605.000000
P34-QUAD01-C03,  40806.108800,  67736.083700,  1605.000000
P34-QUAD01-C04,  40700.010900,  67559.507200,  1605.000000
P34-QUAD02-C01,  44105.965200,  65513.003400,  1605.000000
P34-QUAD02-C02,  44212.063100,  65689.579900,  1605.000000
P34-QUAD02-C03,  44259.207300,  65661.252800,  1605.000000
P34-QUAD02-C04,  44153.109400,  65484.676300,  1605.000000
P35-DIP,  52724.512000,  58969.233700,  1605.000000
P35-DIP-C01,  52218.941700,  59252.916900,  1605.000000
P35-DIP-C02,  52386.194800,  59440.073000,  1605.000000
P35-DIP-C03,  53230.139100,  58685.499700,  1605.000000
P35-DIP-C04,  53062.839400,  58498.385200,  1605.000000
P35-QUAD01,  48838.713800,  62062.934700,  1605.000000
P35-QUAD01-C04,  48846.530700,  61925.716300,  1605.000000
P35-QUAD01-C01,  48703.504700,  62038.266600,  1605.000000
P35-QUAD01-C03,  48973.922800,  62087.602800,  1605.000000
P35-QUAD01-C02,  48830.896900,  62200.153200,  1605.000000
P30-DIP,  7993.842900,  78697.796400,  1605.000000
P30-DIP-C01,  7418.045700,  78630.138000,  1605.000000
P30-DIP-C02,  7443.410900,  78879.853100,  1605.000000
P30-DIP-C03,  8569.636600,  78765.455200,  1605.000000
P30-DIP-C04,  8544.255600,  78515.741800,  1605.000000
P30-QUAD01,  3031.671700,  78916.644600,  1605.000000
P30-QUAD02,  7120.655500,  78759.561700,  1605.000000
P30-QUAD01-C01,  2936.784800,  78817.213800,  1605.000000
P30-QUAD01-C02,  2944.692700,  79023.062000,  1605.000000
P30-QUAD01-C03,  3126.558600,  79016.075400,  1605.000000
P30-QUAD01-C04,  3118.650700,  78810.227300,  1605.000000
P30-QUAD02-C01,  7089.221900,  78657.693300,  1605.000000
P30-QUAD02-C02,  7097.129800,  78863.541500,  1605.000000
P30-QUAD02-C03,  7152.089200,  78861.430100,  1605.000000
P30-QUAD02-C04,  7144.181300,  78655.582000,  1605.000000
P31-DIP,  17794.197100,  77075.360800,  1605.000000
P31-DIP-C01,  17214.497000,  77080.393900,  1605.000000
P31-DIP-C02,  17270.898900,  77324.974800,  1605.000000
P31-DIP-C03,  18373.971400,  77070.310500,  1605.000000
P31-DIP-C04,  18317.508700,  76825.743600,  1605.000000
P31-QUAD01,  12898.644300,  77914.394100,  1605.000000
P31-QUAD01-C04,  12971.599800,  77797.914500,  1605.000000
P31-QUAD01-C01,  12792.043700,  77827.639800,  1605.000000
P31-QUAD01-C03,  13005.244900,  78001.148400,  1605.000000
P31-QUAD01-C02,  12825.688800,  78030.873700,  1605.000000
P38-DIP,  70730.062400,  35418.963200,  1605.000000
P38-DIP-C01,  70364.409000,  35868.871700,  1605.000000
P38-DIP-C02,  70588.841700,  35981.259200,  1605.000000
P38-DIP-C03,  71095.714300,  34969.057900,  1605.000000
P38-DIP-C04,  70871.274500,  34856.684700,  1605.000000
P38-QUAD01,  68255.977800,  39725.927700,  1605.000000
P38-QUAD02,  70314.335400,  36189.315200,  1605.000000
P38-QUAD01-C01,  68121.182600,  39752.765700,  1605.000000
P38-QUAD01-C02,  68299.223300,  39856.387800,  1605.000000
P38-QUAD01-C03,  68390.772900,  39699.089700,  1605.000000
P38-QUAD01-C04,  68212.732300,  39595.467600,  1605.000000
P38-QUAD02-C01,  70211.482000,  36161.271700,  1605.000000
P38-QUAD02-C02,  70389.522600,  36264.893800,  1605.000000
P38-QUAD02-C03,  70417.188700,  36217.358700,  1605.000000
P38-QUAD02-C04,  70239.148100,  36113.736600,  1605.000000
P39-DIP,  74611.487100,  26274.906000,  1605.000000
P39-DIP-C01,  74305.117800,  26767.059900,  1605.000000
P39-DIP-C02,  74541.846000,  26850.491200,  1605.000000
P39-DIP-C03,  74917.881600,  25782.680300,  1605.000000
P39-DIP-C04,  74681.132700,  25699.307900,  1605.000000
P39-QUAD01,  72696.738000,  30857.934500,  1605.000000
P39-QUAD01-C04,  72637.482500,  30733.923200,  1605.000000
P39-QUAD01-C01,  72566.369400,  30901.455100,  1605.000000
P39-QUAD01-C03,  72827.106500,  30814.413900,  1605.000000
P39-QUAD01-C02,  72755.993400,  30981.945700,  1605.000000
P40-DIP,  77316.285400,  16716.360100,  1605.000000
P40-DIP-C01,  77074.007300,  17243.068200,  1605.000000
P40-DIP-C02,  77319.338700,  17296.110700,  1605.000000
P40-DIP-C03,  77558.562800,  16189.655500,  1605.000000
P40-DIP-C04,  77313.228000,  16136.628600,  1605.000000
P40-QUAD01,  75991.027200,  21503.293200,  1605.000000
P40-QUAD02,  77105.198000,  17565.897200,  1605.000000
P40-QUAD01-C01,  75867.141200,  21562.810200,  1605.000000
P40-QUAD01-C02,  76065.358100,  21618.899900,  1605.000000
P40-QUAD01-C03,  76114.913100,  21443.776200,  1605.000000
P40-QUAD01-C04,  75916.696200,  21387.686500,  1605.000000
P40-QUAD02-C01,  76998.601800,  17564.313300,  1605.000000
P40-QUAD02-C02,  77196.818700,  17620.403100,  1605.000000
P40-QUAD02-C03,  77211.794100,  17567.481100,  1605.000000
P40-QUAD02-C04,  77013.577200,  17511.391300,  1605.000000
P41-DIP,  78801.733400,  6894.309300,  1605.000000
P41-DIP-C01,  78627.383000,  7447.192100,  1605.000000
P41-DIP-C02,  78877.422500,  7469.130300,  1605.000000
P41-DIP-C03,  78976.090400,  6341.350500,  1605.000000
P41-DIP-C04,  78726.045500,  6319.474400,  1605.000000
P41-QUAD01,  78086.892500,  11809.532200,  1605.000000
P41-QUAD01-C04,  77998.658300,  11704.153200,  1605.000000
P41-QUAD01-C01,  77971.442900,  11884.106900,  1605.000000
P41-QUAD01-C03,  78202.342100,  11734.957500,  1605.000000
P41-QUAD01-C02,  78175.126700,  11914.911100,  1605.000000
P36-DIP,  59699.609500,  51896.062600,  1605.000000
P36-DIP-C01,  59233.556000,  52240.902000,  1605.000000
P36-DIP-C02,  59422.988100,  52405.572800,  1605.000000
P36-DIP-C03,  60165.660700,  51551.225800,  1605.000000
P36-DIP-C04,  59976.218100,  51386.567100,  1605.000000
P36-QUAD01,  56232.154200,  55452.436000,  1605.000000
P36-QUAD02,  59105.364500,  52538.825500,  1605.000000
P36-QUAD01-C01,  56094.919600,  55444.908600,  1605.000000
P36-QUAD01-C02,  56241.597000,  55589.552200,  1605.000000
P36-QUAD01-C03,  56369.388800,  55459.963400,  1605.000000
P36-QUAD01-C04,  56222.711500,  55315.319900,  1605.000000
P36-QUAD02-C01,  59012.716600,  52486.084400,  1605.000000
P36-QUAD02-C02,  59159.394000,  52630.727900,  1605.000000
P36-QUAD02-C03,  59198.012400,  52591.566500,  1605.000000
P36-QUAD02-C04,  59051.335100,  52446.923000,  1605.000000
P37-DIP,  65733.126600,  44004.553800,  1605.000000
P37-DIP-C01,  65313.988800,  44405.054800,  1605.000000
P37-DIP-C02,  65522.531200,  44544.736900,  1605.000000
P37-DIP-C03,  66152.306700,  43603.989500,  1605.000000
P37-DIP-C04,  65943.729600,  43464.359300,  1605.000000
P37-QUAD01,  62738.780000,  47967.419300,  1605.000000
P37-QUAD01-C04,  62712.226500,  47832.567900,  1605.000000
P37-QUAD01-C01,  62601.684100,  47977.151300,  1605.000000
P37-QUAD01-C03,  62875.875900,  47957.687300,  1605.000000
P37-QUAD01-C02,  62765.333500,  48102.270700,  1605.000000
P44-DIP,  75805.945300,  -22598.746600,  1605.000000
P44-DIP-C01,  75847.378900,  -22020.470400,  1605.000000
P44-DIP-C02,  76087.917900,  -22092.178200,  1605.000000
P44-DIP-C03,  75764.512700,  -23177.019300,  1605.000000
P44-DIP-C04,  75523.978300,  -23105.296200,  1605.000000
P44-QUAD01,  76950.735300,  -17765.477100,  1605.000000
P44-QUAD02,  76030.235500,  -21752.599400,  1605.000000
P44-QUAD01-C01,  76870.845700,  -17653.639400,  1605.000000
P44-QUAD01-C02,  77071.565900,  -17699.979300,  1605.000000
P44-QUAD01-C03,  77030.624800,  -17877.314700,  1605.000000
P44-QUAD01-C04,  76829.904600,  -17830.974800,  1605.000000
P44-QUAD02-C01,  75936.061600,  -21702.634200,  1605.000000
P44-QUAD02-C02,  76136.781800,  -21748.974100,  1605.000000
P44-QUAD02-C03,  76124.409500,  -21802.564500,  1605.000000
P44-QUAD02-C04,  75923.689300,  -21756.224600,  1605.000000
P45-DIP,  72375.844200,  -31921.495300,  1605.000000
P45-DIP-C01,  72489.413100,  -31353.006500,  1605.000000
P45-DIP-C02,  72719.093200,  -31454.239300,  1605.000000
P45-DIP-C03,  72262.244500,  -32490.053900,  1605.000000
P45-DIP-C04,  72032.589600,  -32388.764000,  1605.000000
P45-QUAD01,  74117.351000,  -27269.875400,  1605.000000
P45-QUAD01-C04,  73989.264100,  -27319.712600,  1605.000000
P45-QUAD01-C01,  74052.108400,  -27148.906900,  1605.000000
P45-QUAD01-C03,  74182.593700,  -27390.844000,  1605.000000
P45-QUAD01-C02,  74245.438000,  -27220.038300,  1605.000000
P46-DIP,  67804.282400,  -40740.937400,  1605.000000
P46-DIP-C01,  67988.225700,  -40191.132900,  1605.000000
P46-DIP-C02,  68203.374700,  -40320.407500,  1605.000000
P46-DIP-C03,  67620.340900,  -41290.738800,  1605.000000
P46-DIP-C04,  67405.200100,  -41161.450500,  1605.000000
P46-QUAD01,  70115.091900,  -36344.211600,  1605.000000
P46-QUAD02,  68231.954400,  -39977.152200,  1605.000000
P46-QUAD01-C01,  70065.525100,  -36216.019800,  1605.000000
P46-QUAD01-C02,  70248.415100,  -36310.821000,  1605.000000
P46-QUAD01-C03,  70164.658700,  -36472.403400,  1605.000000
P46-QUAD01-C04,  69981.768800,  -36377.602200,  1605.000000
P46-QUAD02-C01,  68153.164900,  -39905.336700,  1605.000000
P46-QUAD02-C02,  68336.054900,  -40000.137800,  1605.000000
P46-QUAD02-C03,  68310.743900,  -40048.967700,  1605.000000
P46-QUAD02-C04,  68127.853900,  -39954.166500,  1605.000000
P47-DIP,  62163.470900,  -48917.763400,  1605.000000
P47-DIP-C01,  62414.849300,  -48395.378100,  1605.000000
P47-DIP-C02,  62612.138000,  -48550.549600,  1605.000000
P47-DIP-C03,  61912.045400,  -49440.208600,  1605.000000
P47-DIP-C04,  61714.795300,  -49284.988000,  1605.000000
P47-QUAD01,  65007.075900,  -44845.377800,  1605.000000
P47-QUAD01-C04,  64870.619100,  -44861.795300,  1605.000000
P47-QUAD01-C01,  64973.966700,  -44711.984500,  1605.000000
P47-QUAD01-C03,  65040.185200,  -44978.771100,  1605.000000
P47-QUAD01-C02,  65143.532800,  -44828.960300,  1605.000000
P42-DIP,  79044.441900,  -3036.593400,  1605.000000
P42-DIP-C01,  78940.762300,  -2466.180700,  1605.000000
P42-DIP-C02,  79191.577300,  -2475.816000,  1605.000000
P42-DIP-C03,  79148.121500,  -3607.002600,  1605.000000
P42-DIP-C04,  78897.307100,  -3597.351200,  1605.000000
P42-QUAD01,  78951.280900,  1929.527700,  1605.000000
P42-QUAD02,  79051.257400,  -2161.250800,  1605.000000
P42-QUAD01-C01,  78846.088300,  2017.984100,  1605.000000
P42-QUAD01-C02,  79052.026800,  2023.017100,  1605.000000
P42-QUAD01-C03,  79056.473500,  1841.071400,  1605.000000
P42-QUAD01-C04,  78850.535000,  1836.038400,  1605.000000
P42-QUAD02-C01,  78947.616200,  -2136.275500,  1605.000000
P42-QUAD02-C02,  79153.554700,  -2131.242400,  1605.000000
P42-QUAD02-C03,  79154.898500,  -2186.226000,  1605.000000
P42-QUAD02-C04,  78948.960000,  -2191.259100,  1605.000000
P43-DIP,  78040.577000,  -12919.482300,  1605.000000
P43-DIP-C01,  78009.200600,  -12340.610200,  1605.000000
P43-DIP-C02,  78256.840400,  -12381.543400,  1605.000000
P43-DIP-C03,  78071.941100,  -13498.429700,  1605.000000
P43-DIP-C04,  77824.311400,  -13457.434900,  1605.000000
P43-QUAD01,  78570.560400,  -7980.906500,  1605.000000
P43-QUAD01-C04,  78458.891600,  -8061.031800,  1605.000000
P43-QUAD01-C01,  78477.283800,  -7879.963500,  1605.000000
P43-QUAD01-C03,  78663.837000,  -8081.849400,  1605.000000
P43-QUAD01-C02,  78682.229300,  -7900.781100,  1605.000000
P48-DIP,  55542.227100,  -56323.225200,  1605.000000
P48-DIP-C01,  55857.122300,  -55836.438700,  1605.000000
P48-DIP-C02,  56033.362700,  -56015.157300,  1605.000000
P48-DIP-C03,  55227.334300,  -56810.009200,  1605.000000
P48-DIP-C04,  55051.105300,  -56631.279500,  1605.000000
P48-QUAD01,  58873.859500,  -52639.305700,  1605.000000
P48-QUAD02,  56146.408600,  -55689.793400,  1605.000000
P48-QUAD01-C01,  58857.729900,  -52502.814500,  1605.000000
P48-QUAD01-C02,  59011.298000,  -52640.120200,  1605.000000
P48-QUAD01-C03,  58889.989100,  -52775.796800,  1605.000000
P48-QUAD01-C04,  58736.421000,  -52638.491100,  1605.000000
P48-QUAD02-C01,  56087.954200,  -55600.640000,  1605.000000
P48-QUAD02-C02,  56241.522300,  -55737.945700,  1605.000000
P48-QUAD02-C03,  56204.863000,  -55778.946900,  1605.000000
P48-QUAD02-C04,  56051.295000,  -55641.641200,  1605.000000
P49-DIP,  48045.138100,  -62840.348500,  1605.000000
P49-DIP-C01,  48418.530900,  -62396.890100,  1605.000000
P49-DIP-C02,  48571.031800,  -62596.250300,  1605.000000
P49-DIP-C03,  47671.684700,  -63283.853100,  1605.000000
P49-DIP-C04,  47519.233400,  -63084.455000,  1605.000000
P49-QUAD01,  51812.167100,  -59603.080200,  1605.000000
P49-QUAD01-C04,  51675.914500,  -59585.046500,  1605.000000
P49-QUAD01-C01,  51813.271600,  -59465.643700,  1605.000000
P49-QUAD01-C03,  51811.062700,  -59740.516700,  1605.000000
P49-QUAD01-C02,  51948.419800,  -59621.113900,  1605.000000
P50-DIP,  39790.249300,  -68366.517700,  1605.000000
P50-DIP-C01,  40216.310400,  -67973.335800,  1605.000000
P50-DIP-C02,  40342.568400,  -68190.268800,  1605.000000
P50-DIP-C03,  39364.191300,  -68759.697900,  1605.000000
P50-DIP-C04,  39237.947100,  -68542.756800,  1605.000000
P50-QUAD01,  43933.366000,  -65626.878500,  1605.000000
P50-QUAD02,  40532.977500,  -67903.240200,  1605.000000
P50-QUAD01-C01,  43951.687100,  -65490.664200,  1605.000000
P50-QUAD01-C02,  44066.284000,  -65661.847000,  1605.000000
P50-QUAD01-C03,  43915.044800,  -65763.092900,  1605.000000
P50-QUAD01-C04,  43800.447900,  -65591.910000,  1605.000000
P50-QUAD02-C01,  40498.531100,  -67802.350700,  1605.000000
P50-QUAD02-C02,  40613.128000,  -67973.533500,  1605.000000
P50-QUAD02-C03,  40567.423900,  -68004.129700,  1605.000000
P50-QUAD02-C04,  40452.827000,  -67832.946900,  1605.000000
