MOG-XBPM01-ESF_1,  -35132.927482,  75368.327482,  1497.096400
MOG-XBPM01-ESF_2,  -35248.900996,  75553.761424,  1496.572200
MOG-XBPM01-ESF_3,  -35107.462504,  75642.498822,  1496.491900
MOG-XBPM01-ESF_4,  -34991.596439,  75457.099266,  1497.149400
CAR-XBPM01-ESF_1,  -82016.710192,  -17589.975598,  1496.817100
CAR-XBPM01-ESF_2,  -81815.503487,  -17504.604485,  1496.874200
CAR-XBPM01-ESF_3,  -81952.271160,  -17741.798007,  1496.776800
CAR-XBPM01-ESF_4,  -81751.042563,  -17656.407064,  1496.863600
CAR-XBPM02-ESF_1,  -83520.760924,  -14046.739897,  1496.769000
CAR-XBPM02-ESF_2,  -83319.754953,  -13960.987507,  1496.800100
CAR-XBPM02-ESF_3,  -83456.192855,  -14198.531541,  1496.873800
CAR-XBPM02-ESF_4,  -83255.019869,  -14112.717058,  1496.838500
CAR-FM01-ESF_1,  -83734.693229,  -13177.371433,  1473.381600
CAR-FM01-ESF_2,  -83797.240713,  -13202.393082,  1473.103000
CAR-FM01-ESF_3,  -83863.469203,  -13043.752673,  1473.714500
CAR-FM01-ESF_4,  -83800.106455,  -13017.085786,  1472.495200
CAR-SLT01-ESF_1,  -84079.029646,  -12364.990445,  1473.296800
CAR-SLT01-ESF_2,  -84140.786973,  -12391.780429,  1473.821300
CAR-SLT01-ESF_3,  -84175.067780,  -12313.871745,  1473.541100
CAR-SLT01-ESF_4,  -84113.680378,  -12285.227497,  1473.915400
CAR-SLT02-ESF_1,  -84197.671077,  -12079.794556,  1471.640000
CAR-SLT02-ESF_2,  -84258.678847,  -12105.522867,  1474.422500
CAR-SLT02-ESF_3,  -84292.916083,  -12025.950395,  1474.378800
CAR-SLT02-ESF_4,  -84231.088748,  -12000.427375,  1471.477200
CAR-PS01-ESF_1,  -84318.523766,  -11795.812357,  1478.027300
CAR-PS01-ESF_2,  -84380.631411,  -11822.243603,  1479.831000
CAR-PS01-ESF_3,  -84414.067684,  -11743.060634,  1480.002400
CAR-PS01-ESF_4,  -84351.928475,  -11716.762866,  1477.964000
CAR-GS01-ESF_1,  -84650.989389,  -11018.480082,  1523.397000
CAR-GS01-ESF_2,  -84715.558795,  -11045.698925,  1523.350600
CAR-GS01-ESF_3,  -84820.205409,  -10799.189730,  1523.183400
CAR-GS01-ESF_4,  -84755.876668,  -10771.805473,  1523.299600
CAT-XBPM01-ESF_1,  -83205.865222,  8469.853401,  1496.852400
CAT-XBPM01-ESF_2,  -83423.620482,  8450.830393,  1496.836500
CAT-XBPM01-ESF_3,  -83438.078155,  8615.337724,  1496.786500
CAT-XBPM01-ESF_4,  -83220.362780,  8634.231464,  1496.889600
CAT-XBPM02-ESF_1,  -83541.248947,  12304.728843,  1496.758000
CAT-XBPM02-ESF_2,  -83759.072469,  12285.578501,  1496.804400
CAT-XBPM02-ESF_3,  -83773.588443,  12450.044292,  1496.903700
CAT-XBPM02-ESF_4,  -83555.764586,  12469.093278,  1496.921600
CAT-FM01-ESF_1,  -83709.430893,  13343.669805,  1472.323200
CAT-FM01-ESF_2,  -83775.926581,  13338.457891,  1471.768700
CAT-FM01-ESF_3,  -83790.744192,  13508.706298,  1471.961000
CAT-FM01-ESF_4,  -83724.118505,  13514.947358,  1472.427100
CAT-SLT01-ESF_1,  -83785.281015,  14222.027246,  1472.063600
CAT-SLT01-ESF_2,  -83852.906214,  14216.716814,  1471.936500
CAT-SLT01-ESF_3,  -83860.201393,  14302.355679,  1472.260800
CAT-SLT01-ESF_4,  -83792.201551,  14308.430071,  1471.949800
CAT-SLT02-ESF_1,  -83808.934179,  14530.046644,  1471.703400
CAT-SLT02-ESF_2,  -83876.389532,  14523.028918,  1473.915700
CAT-SLT02-ESF_3,  -83883.416111,  14609.192390,  1474.010700
CAT-SLT02-ESF_4,  -83816.204105,  14615.603397,  1471.309000
CAT-PS01-ESF_1,  -83838.962271,  14837.394475,  1477.882800
CAT-PS01-ESF_2,  -83905.559150,  14831.006567,  1478.051200
CAT-PS01-ESF_3,  -83913.020970,  14916.541111,  1478.186500
CAT-PS01-ESF_4,  -83845.794441,  14922.197513,  1477.894600
CAT-GS01-ESF_1,  -83911.436446,  15677.977004,  1523.255500
CAT-GS01-ESF_2,  -83981.113460,  15671.724661,  1523.212400
CAT-GS01-ESF_3,  -84003.940537,  15938.643557,  1523.307200
CAT-GS01-ESF_4,  -83934.220545,  15944.647903,  1523.214900
EMA-XBPM01-ESF_1,  -76692.051609,  33977.509534,  1496.760000
EMA-XBPM01-ESF_2,  -76479.024336,  33928.449518,  1496.866400
EMA-XBPM01-ESF_3,  -76729.088091,  33816.689933,  1496.748700
EMA-XBPM01-ESF_4,  -76516.104162,  33767.639103,  1496.789300
EMA-XBPM02-ESF_1,  -75826.035339,  37728.465109,  1496.891300
EMA-XBPM02-ESF_2,  -75613.086171,  37679.294837,  1496.758500
EMA-XBPM02-ESF_3,  -75863.195943,  37567.572868,  1496.804100
EMA-XBPM02-ESF_4,  -75650.139283,  37518.568570,  1496.858000
EMA-FM01-ESF_1,  -75487.275744,  38558.261200,  1472.757300
EMA-FM01-ESF_2,  -75552.941491,  38573.311416,  1472.931500
EMA-FM01-ESF_3,  -75514.412538,  38741.100613,  1472.975200
EMA-FM01-ESF_4,  -75448.608891,  38725.907105,  1472.658900
EMA-SLT01-ESF_1,  -75290.926632,  39417.701459,  1473.849100
EMA-SLT01-ESF_2,  -75356.104157,  39432.436982,  1473.499200
EMA-SLT01-ESF_3,  -75338.365217,  39516.891760,  1472.723900
EMA-SLT01-ESF_4,  -75270.968744,  39500.854518,  1473.408800
EMA-SLT02-ESF_1,  -75218.353710,  39716.882905,  1472.227500
EMA-SLT02-ESF_2,  -75285.196375,  39732.533455,  1472.945900
EMA-SLT02-ESF_3,  -75265.612618,  39815.826360,  1473.115400
EMA-SLT02-ESF_4,  -75198.329675,  39802.039741,  1471.808500
EMA-PS01-ESF_1,  -75147.145238,  40017.871502,  1477.660200
EMA-PS01-ESF_2,  -75218.287796,  40033.577233,  1478.592000
EMA-PS01-ESF_3,  -75196.924779,  40115.981310,  1479.668900
EMA-PS01-ESF_4,  -75128.463772,  40101.659775,  1478.078400
EMA-GS01-ESF_1,  -74960.588929,  40842.465453,  1523.397000
EMA-GS01-ESF_2,  -75028.825510,  40858.397891,  1523.350600
EMA-GS01-ESF_3,  -74968.591928,  41119.337756,  1523.183400
EMA-GS01-ESF_4,  -74900.452821,  41103.680599,  1523.299600
MAN-XBPM01-ESF_1,  -62336.826983,  55759.354363,  1496.830040
MAN-XBPM01-ESF_2,  -62524.026806,  55872.239324,  1496.845820
MAN-XBPM01-ESF_3,  -62439.026002,  56013.459117,  1496.845880
MAN-XBPM01-ESF_4,  -62251.588344,  55900.677225,  1496.871000
MAN-XBPM02-ESF_1,  -60353.926586,  59059.125242,  1496.776660
MAN-XBPM02-ESF_2,  -60541.091862,  59171.697319,  1496.739680
MAN-XBPM02-ESF_3,  -60456.338844,  59313.156365,  1496.825260
MAN-XBPM02-ESF_4,  -60268.946134,  59200.546329,  1496.822400
MAN-FM01-ESF_1,  -59877.101813,  59996.276118,  1471.306200
MAN-FM01-ESF_2,  -59934.295155,  60031.072066,  1473.287100
MAN-FM01-ESF_3,  -59846.833599,  60178.563657,  1472.622300
MAN-FM01-ESF_4,  -59788.689193,  60144.177041,  1471.338600
MAN-SLT01-ESF_1,  -59423.985637,  60753.607058,  1472.036800
MAN-SLT01-ESF_2,  -59480.766719,  60787.825137,  1472.874900
MAN-SLT01-ESF_3,  -59436.917680,  60861.373995,  1472.627900
MAN-SLT01-ESF_4,  -59379.874052,  60826.911947,  1471.868800
MAN-SLT02-ESF_1,  -59264.678682,  61017.919581,  1471.190900
MAN-SLT02-ESF_2,  -59321.578107,  61052.311549,  1472.182200
MAN-SLT02-ESF_3,  -59276.856331,  61125.260999,  1472.725600
MAN-SLT02-ESF_4,  -59220.807355,  61090.536672,  1471.780700
MAN-PS01-ESF_1,  -59106.043603,  61282.941350,  1478.124100
MAN-PS01-ESF_2,  -59162.696341,  61317.909106,  1478.634400
MAN-PS01-ESF_3,  -59119.446019,  61391.108863,  1478.262500
MAN-PS01-ESF_4,  -59062.507500,  61357.950802,  1479.000900
MAN-GS01-ESF_1,  -58670.346014,  62005.239846,  1523.205000
MAN-GS01-ESF_2,  -58730.434414,  62041.242986,  1523.180000
MAN-GS01-ESF_3,  -58592.462919,  62270.577010,  1523.304400
MAN-GS01-ESF_4,  -58532.432761,  62234.679448,  1523.283800
MOG-XBPM02-ESF_1,  -30071.893137,  78530.799527,  1496.726200
MOG-XBPM02-ESF_2,  -30187.838651,  78716.066187,  1497.048500
MOG-XBPM02-ESF_3,  -30077.494868,  78784.834334,  1496.749700
MOG-XBPM02-ESF_4,  -29961.681323,  78599.698288,  1496.563900
MOG-FM01-ESF_1,  -29778.515623,  78741.002223,  1400.002600
MOG-FM01-ESF_2,  -29804.520089,  78782.696005,  1486.527500
MOG-FM01-ESF_3,  -29844.363064,  78846.245986,  1486.609700
MOG-SLT01-ESF_1,  -29238.951711,  79226.969367,  1507.172100
MOG-SLT01-ESF_2,  -29223.945233,  79174.424731,  1507.158000
MOG-SLT01-ESF_3,  -29175.386536,  79125.043793,  1507.190400
MOG-SLT01-ESF_4,  -29160.630793,  79087.135038,  1371.546600
MOG-SLT02-ESF_1,  -29095.321059,  79364.670342,  1514.359000
MOG-SLT02-ESF_2,  -29072.429711,  79299.849214,  1514.407600
MOG-SLT02-ESF_3,  -29029.154444,  79259.066383,  1514.498500
MOG-SLT02-ESF_4,  -29001.772784,  79203.855209,  1433.224500
MOG-PGS01-ESF_1,  -28333.803760,  79681.129500,  1533.390300
MOG-PGS01-ESF_2,  -28392.057522,  79774.441436,  1533.214800
MOG-PGS01-ESF_3,  -28230.814184,  79875.196395,  1533.281900
MOG-PGS01-ESF_4,  -28172.479910,  79781.822982,  1533.397900
IPE-XBPM01-ESF_1,  -17589.995525,  82016.556487,  1496.786200
IPE-XBPM01-ESF_2,  -17504.730009,  81815.111261,  1496.848900
IPE-XBPM01-ESF_3,  -17741.801440,  81952.178666,  1496.835000
IPE-XBPM01-ESF_4,  -17656.590441,  81750.999053,  1496.832600
IPE-XBPM02-ESF_1,  -14047.196061,  83520.457137,  1496.764600
IPE-XBPM02-ESF_2,  -13961.798360,  83319.208269,  1496.689900
IPE-XBPM02-ESF_3,  -14199.098646,  83456.086190,  1496.814400
IPE-XBPM02-ESF_4,  -14113.857642,  83254.838706,  1496.840400
IPE-FM01-ESF_1,  -13173.618196,  83730.538777,  1470.713700
IPE-FM01-ESF_2,  -13202.298096,  83796.535789,  1473.205500
IPE-FM01-ESF_3,  -13043.791191,  83863.323468,  1473.411600
IPE-FM01-ESF_4,  -13017.520429,  83801.041346,  1472.108600
IPE-SLT01-ESF_1,  -12364.942219,  84078.430022,  1472.406800
IPE-SLT01-ESF_2,  -12390.589434,  84140.407898,  1473.530100
IPE-SLT01-ESF_3,  -12313.202486,  84173.885494,  1473.476400
IPE-SLT01-ESF_4,  -12285.790278,  84112.142857,  1472.546200
IPE-SLT02-ESF_1,  -12080.515593,  84199.829641,  1473.653500
IPE-SLT02-ESF_2,  -12107.952712,  84262.787770,  1472.061400
IPE-SLT02-ESF_3,  -12029.503071,  84296.412489,  1472.358500
IPE-SLT02-ESF_4,  -12000.891733,  84233.637416,  1473.311700
IPE-PS01-ESF_1,  -11796.411474,  84319.811327,  1478.703000
IPE-PS01-ESF_2,  -11822.483724,  84382.313724,  1479.411000
IPE-PS01-ESF_3,  -11743.986008,  84415.962109,  1479.376000
IPE-PS01-ESF_4,  -11717.715289,  84353.250639,  1478.873000
IPE-GS01-ESF_1,  -11018.401694,  84650.996156,  1523.196500
IPE-GS01-ESF_2,  -11045.874188,  84715.450614,  1523.317400
IPE-GS01-ESF_3,  -10799.152477,  84820.107154,  1523.222900
IPE-GS01-ESF_4,  -10771.496352,  84755.705331,  1523.262500