EMA-XBPM01-ESF_2,  -76478.985195,  33928.545760,  1496.905279
EMA-XBPM01-ESF_4,  -76516.120681,  33767.500665,  1496.795459
EMA-XBPM01-ESF_1,  -76691.992974,  33977.632753,  1496.750408
EMA-XBPM01-ESF_3,  -76729.112888,  33816.542649,  1496.724604
CAR-GS01-ESF_3,  -84820.263779,  -10799.085040,  1523.131555
CAR-GS01-ESF_4,  -84755.957977,  -10771.634825,  1523.226255
CAR-GS01-ESF_1,  -84650.953288,  -11018.569321,  1523.339899
CAR-GS01-ESF_2,  -84715.521799,  -11045.829547,  1523.298203
CAR-XBPM01-ESF_2,  -81815.521308,  -17504.480636,  1496.831271
CAR-XBPM01-ESF_4,  -81751.011683,  -17656.471464,  1496.845869
CAR-XBPM01-ESF_1,  -82016.706696,  -17589.926872,  1496.814407
CAR-XBPM01-ESF_3,  -81952.249206,  -17741.859244,  1496.783775
CAT-GS01-ESF_3,  -84003.938376,  15938.752785,  1523.158889
CAT-GS01-ESF_4,  -83934.210591,  15944.689647,  1523.197541
CAT-GS01-ESF_2,  -83981.069684,  15671.822648,  1523.172076
CAT-GS01-ESF_1,  -83911.361015,  15677.763574,  1523.125239
CAT-PS01-ESF_3,  -83911.788103,  14916.629751,  1478.276758
CAT-PS01-ESF_4,  -83844.535505,  14922.175353,  1477.969865
CAT-PS01-ESF_1,  -83837.758173,  14837.362334,  1477.846298
CAT-PS01-ESF_2,  -83904.400107,  14831.009175,  1478.024885
CAT-SLT01-ESF_2,  -83853.023243,  14216.626023,  1471.873078
CAT-SLT01-ESF_1,  -83785.348785,  14221.669114,  1471.867434
CAT-SLT01-ESF_3,  -83860.024246,  14302.295004,  1472.339725
CAT-SLT01-ESF_4,  -83791.904054,  14308.128903,  1471.893527
CAT-SLT02-ESF_1,  -83809.555835,  14529.784946,  1471.403910
CAT-SLT02-ESF_2,  -83877.029729,  14522.955466,  1473.331807
CAT-SLT02-ESF_4,  -83816.589493,  14615.385872,  1471.311069
CAT-SLT02-ESF_3,  -83883.849999,  14609.123269,  1473.712480
CAT-XBPM01-ESF_2,  -83423.582012,  8450.789581,  1496.757962
CAT-XBPM01-ESF_3,  -83438.064193,  8615.402604,  1496.747376
CAT-XBPM01-ESF_4,  -83220.327058,  8634.367702,  1496.851837
CAT-XBPM01-ESF_1,  -83205.828311,  8469.797114,  1496.798672
CAT-XBPM02-ESF_1,  -83541.218618,  12304.659109,  1496.715440
CAT-XBPM02-ESF_4,  -83555.780195,  12469.188418,  1496.899608
CAT-XBPM02-ESF_3,  -83773.602415,  12450.102820,  1496.846181
CAT-XBPM02-ESF_2,  -83759.048235,  12285.507590,  1496.736127
CAR-PS01-ESF_1,  -84319.882917,  -11792.978815,  1478.269800
CAR-PS01-ESF_2,  -84381.933678,  -11819.437595,  1480.120458
CAR-PS01-ESF_3,  -84415.494789,  -11740.304162,  1480.001444
CAR-PS01-ESF_4,  -84353.386979,  -11713.894268,  1477.900033
CAR-SLT01-ESF_1,  -84079.121278,  -12364.847487,  1473.358347
CAR-SLT01-ESF_2,  -84140.971402,  -12391.600318,  1473.947491
CAR-SLT01-ESF_3,  -84175.126965,  -12313.616729,  1473.648398
CAR-SLT01-ESF_4,  -84113.657927,  -12285.024870,  1473.914064
CAR-SLT02-ESF_1,  -84197.816051,  -12080.198241,  1471.626278
CAR-SLT02-ESF_2,  -84258.846506,  -12105.842333,  1474.344965
CAR-SLT02-ESF_3,  -84292.950950,  -12026.195474,  1474.351031
CAR-SLT02-ESF_4,  -84231.099777,  -12000.789255,  1471.508545
EMA-FM01-ESF_1,  -75487.266760,  38558.271994,  1472.721173
EMA-FM01-ESF_2,  -75552.937109,  38573.328341,  1472.914426
EMA-FM01-ESF_4,  -75448.608312,  38725.946853,  1472.600603
EMA-FM01-ESF_3,  -75514.416808,  38741.137809,  1472.924349
EMA-GS01-ESF_4,  -74900.297480,  41104.137149,  1523.205066
EMA-GS01-ESF_3,  -74968.452701,  41119.798163,  1523.281120
EMA-GS01-ESF_2,  -75028.955616,  40857.826954,  1523.251190
EMA-GS01-ESF_1,  -74960.687305,  40842.258295,  1523.448564
EMA-PS01-ESF_2,  -75217.284556,  40037.190624,  1479.329524
EMA-PS01-ESF_3,  -75196.137390,  40119.650510,  1479.739699
EMA-PS01-ESF_4,  -75127.635386,  40105.487542,  1477.922340
EMA-PS01-ESF_1,  -75146.091643,  40021.653653,  1478.178932
EMA-SLT01-ESF_1,  -75291.027136,  39418.245295,  1473.841341
EMA-SLT01-ESF_4,  -75271.035842,  39501.385245,  1473.467683
EMA-SLT01-ESF_3,  -75338.432666,  39517.424756,  1472.575114
EMA-SLT01-ESF_2,  -75356.185189,  39433.002087,  1473.302676
EMA-SLT02-ESF_1,  -75218.235421,  39716.441902,  1472.282910
EMA-SLT02-ESF_4,  -75198.249881,  39801.607748,  1471.724195
EMA-SLT02-ESF_3,  -75265.544663,  39815.360166,  1473.215163
EMA-SLT02-ESF_2,  -75285.075861,  39732.069013,  1473.153027
EMA-XBPM02-ESF_2,  -75613.072468,  37679.264245,  1496.775287
EMA-XBPM02-ESF_4,  -75650.165606,  37518.426677,  1496.838378
EMA-XBPM02-ESF_3,  -75863.223303,  37567.416498,  1496.771963
EMA-XBPM02-ESF_1,  -75825.989616,  37728.612995,  1496.894558
CAR-FM01-ESF_1,  -83734.662726,  -13177.346458,  1473.355633
CAR-FM01-ESF_2,  -83797.223114,  -13202.363733,  1473.097668
CAR-FM01-ESF_3,  -83863.422795,  -13043.741879,  1473.720463
CAR-FM01-ESF_4,  -83800.100286,  -13017.058661,  1472.488335
CAT-FM01-ESF_4,  -83724.151049,  13515.012795,  1472.369064
CAT-FM01-ESF_3,  -83790.731863,  13508.766543,  1471.912128
CAT-FM01-ESF_2,  -83775.930077,  13338.510239,  1471.738006
CAT-FM01-ESF_1,  -83709.421640,  13343.742121,  1472.298316
IPE-FM01-ESF_4,  -13017.461254,  83801.007985,  1472.105970
IPE-FM01-ESF_1,  -13173.563718,  83730.478797,  1470.703032
IPE-FM01-ESF_2,  -13202.231756,  83796.488293,  1473.266121
IPE-FM01-ESF_3,  -13043.701767,  83863.248994,  1473.456462
IPE-GS01-ESF_1,  -11018.613721,  84650.924665,  1523.170863
IPE-GS01-ESF_4,  -10771.306824,  84755.808106,  1523.230744
IPE-GS01-ESF_3,  -10798.976748,  84820.203885,  1523.130071
IPE-GS01-ESF_2,  -11046.104060,  84715.371949,  1523.272882
IPE-PS01-ESF_1,  -11793.954061,  84321.591505,  1478.474690
IPE-PS01-ESF_2,  -11820.101226,  84384.075753,  1479.111616
IPE-PS01-ESF_3,  -11741.631918,  84417.797443,  1479.068540
IPE-PS01-ESF_4,  -11715.278858,  84355.112098,  1478.631077
IPE-SLT01-ESF_1,  -12364.492717,  84078.336426,  1472.040474
IPE-SLT01-ESF_2,  -12390.246881,  84140.283423,  1473.240346
IPE-SLT01-ESF_3,  -12312.914571,  84173.855125,  1473.528252
IPE-SLT01-ESF_4,  -12285.399768,  84112.151921,  1472.495907
IPE-SLT02-ESF_1,  -12080.937600,  84199.818482,  1473.433418
IPE-SLT02-ESF_2,  -12108.454079,  84262.750978,  1471.690373
IPE-SLT02-ESF_3,  -12030.053497,  84296.481024,  1472.185275
IPE-SLT02-ESF_4,  -12002.276335,  84233.331036,  1473.261248
IPE-XBPM01-ESF_4,  -17656.578139,  81750.987331,  1496.877753
IPE-XBPM01-ESF_3,  -17741.793766,  81952.159070,  1496.861503
IPE-XBPM01-ESF_1,  -17589.876259,  82016.660263,  1496.830627
IPE-XBPM01-ESF_2,  -17504.515889,  81815.249418,  1496.901292
IPE-XBPM02-ESF_2,  -13961.643366,  83319.292255,  1496.687343
IPE-XBPM02-ESF_4,  -14113.816603,  83254.886808,  1496.889922
IPE-XBPM02-ESF_3,  -14199.053708,  83456.149578,  1496.844023
IPE-XBPM02-ESF_1,  -14046.972271,  83520.560017,  1496.737746
MAN-FM01-ESF_1,  -59877.062909,  59996.267343,  1471.290658
MAN-FM01-ESF_2,  -59934.265836,  60031.076204,  1473.299818
MAN-FM01-ESF_3,  -59846.815783,  60178.563788,  1472.617303
MAN-FM01-ESF_4,  -59788.645796,  60144.168309,  1471.307817
MAN-GS01-ESF_1,  -58670.367274,  62005.194124,  1523.167607
MAN-GS01-ESF_2,  -58730.434128,  62041.242068,  1523.198106
MAN-GS01-ESF_3,  -58592.447185,  62270.674709,  1523.243901
MAN-GS01-ESF_4,  -58532.438355,  62234.712575,  1523.265991
MAN-PS01-ESF_1,  -59105.792313,  61283.368650,  1478.417695
MAN-PS01-ESF_2,  -59162.445291,  61318.362288,  1478.904080
MAN-PS01-ESF_3,  -59119.197001,  61391.547806,  1478.377838
MAN-PS01-ESF_4,  -59062.236662,  61358.377827,  1479.147768
MAN-SLT01-ESF_1,  -59424.087279,  60753.083873,  1471.997080
MAN-SLT01-ESF_2,  -59480.957876,  60787.241379,  1472.859840
MAN-SLT01-ESF_3,  -59437.202952,  60860.867104,  1472.663560
MAN-SLT01-ESF_4,  -59380.067104,  60826.450819,  1471.859087
MAN-SLT02-ESF_1,  -59264.338481,  61018.307892,  1471.123454
MAN-SLT02-ESF_2,  -59321.301521,  61052.662604,  1472.071408
MAN-SLT02-ESF_3,  -59276.612975,  61125.635963,  1472.698341
MAN-SLT02-ESF_4,  -59220.562850,  61090.956348,  1471.782890
MAN-XBPM01-ESF_3,  -62438.956720,  56013.526739,  1496.873283
MAN-XBPM01-ESF_4,  -62251.554052,  55900.724476,  1496.890563
MAN-XBPM01-ESF_1,  -62336.834686,  55759.306455,  1496.780946
MAN-XBPM01-ESF_2,  -62524.077519,  55872.145656,  1496.839459
MAN-XBPM02-ESF_1,  -60354.044514,  59059.055116,  1496.772891
MAN-XBPM02-ESF_2,  -60541.207752,  59171.609112,  1496.723350
MAN-XBPM02-ESF_3,  -60456.297986,  59313.272006,  1496.794841
MAN-XBPM02-ESF_4,  -60268.927537,  59200.641921,  1496.803131
MOG-FM01-ESF_3,  -29842.668287,  78847.314310,  1486.608774
MOG-FM01-ESF_2,  -29802.839955,  78783.753457,  1486.521755
MOG-FM01-ESF_1,  -29776.912153,  78742.017001,  1399.997667
MOG-PGS01-ESF_1,  -28335.190799,  79680.073441,  1533.045282
MOG-PGS01-ESF_2,  -28393.232774,  79773.477577,  1533.072467
MOG-PGS01-ESF_3,  -28231.812316,  79874.984433,  1532.616998
MOG-PGS01-ESF_4,  -28173.543261,  79781.069115,  1533.037027
MOG-SLT01-ESF_2,  -29226.105162,  79182.083126,  1510.178188
MOG-SLT01-ESF_1,  -29241.884993,  79234.406269,  1510.174166
MOG-SLT01-ESF_3,  -29177.428014,  79133.179047,  1510.312752
MOG-SLT01-ESF_4,  -29162.368129,  79095.760473,  1375.133564
MOG-SLT02-ESF_4,  -28996.621013,  79199.813551,  1430.305454
MOG-SLT02-ESF_3,  -29022.956584,  79253.624233,  1510.770835
MOG-SLT02-ESF_2,  -29065.956343,  79294.464243,  1510.596778
MOG-SLT02-ESF_1,  -29089.791774,  79359.469159,  1510.880609
MOG-XBPM01-ESF_2,  -35248.984968,  75553.682574,  1496.566024
MOG-XBPM01-ESF_1,  -35133.016068,  75368.259142,  1497.095599
MOG-XBPM01-ESF_4,  -34991.565163,  75457.096927,  1497.161961
MOG-XBPM01-ESF_3,  -35107.423478,  75642.497369,  1496.497253
MOG-XBPM02-ESF_1,  -30068.262721,  78532.985918,  1496.739105
MOG-XBPM02-ESF_2,  -30184.172438,  78718.340594,  1497.029404
MOG-XBPM02-ESF_3,  -30073.823318,  78787.100426,  1496.758104
MOG-XBPM02-ESF_4,  -29957.928342,  78602.003910,  1496.569446
CAR-XBPM02-ESF_3,  -83456.185886,  -14198.653699,  1496.870218
CAR-XBPM02-ESF_1,  -83520.802169,  -14046.683789,  1496.792328
CAR-XBPM02-ESF_2,  -83319.816906,  -13960.892702,  1496.808672
CAR-XBPM02-ESF_4,  -83255.025518,  -14112.782133,  1496.839466
