LTB-SEPTUM,  36542.239100,  -69869.498400,  1484.700000
LTB-SEPTUM-P02,  36342.367100,  -70029.479000,  1484.700000
LTB-SEPTUM-P01,  36745.277900,  -69713.556700,  1484.700000
LTB-CV.CH.1B-C03,  41970.942700,  -55302.768200,  1584.000000
LTB-CV.CH.1A-C03,  42855.623400,  -53468.635100,  1584.000000
LTB-CV.CH.1A,  42815.865500,  -53440.576200,  1584.000000
LTB-CV.CH.1A-C04,  42769.156400,  -53426.928400,  1584.000000
LTB-CV.CH.1A-C01,  42776.107500,  -53412.517200,  1584.000000
LTB-CV.CH.1A-C02,  42862.574600,  -53454.224000,  1584.000000
LTB-SEPTUM-P06,  36444.623900,  -70020.586300,  1484.700000
LTB-SEPTUM-P05,  36390.941800,  -69952.122900,  1484.700000
LTB-SEPTUM-P03,  36658.568100,  -69742.277100,  1484.700000
LTB-SEPTUM-P04,  36712.250200,  -69810.740500,  1484.700000
LTB-CV.CH.4C-C01,  36814.261700,  -69636.127000,  1584.000000
LTB-CV.CH.4C-C04,  36803.817500,  -69648.248000,  1584.000000
LTB-CV.CH.4C-C02,  36886.987900,  -69698.791900,  1584.000000
LTB-CV.CH.4C-C03,  36876.543800,  -69710.913000,  1584.000000
LTB-CV.CH.4C,  36845.402700,  -69673.520000,  1584.000000
LTB-QD.4B-C01,  36999.921000,  -69336.401200,  1605.000000
LTB-QD.4B-C04,  36964.017400,  -69378.069300,  1605.000000
LTB-QD.4B-C02,  37155.978000,  -69470.871200,  1605.000000
LTB-QD.4B-C03,  37120.075800,  -69512.537800,  1605.000000
LTB-QD.4B,  37059.997500,  -69424.470500,  1605.000000
LTB-QF.4B-C01,  37206.193000,  -69097.010600,  1605.000000
LTB-QF.4B-C04,  37170.289500,  -69138.678800,  1605.000000
LTB-QF.4B-C02,  37362.250100,  -69231.480700,  1605.000000
LTB-QF.4B-C03,  37326.347900,  -69273.147300,  1605.000000
LTB-QF.4B,  37266.269600,  -69185.080000,  1605.000000
LTB-CV.CH.4A-C01,  38039.858900,  -68213.751400,  1584.000000
LTB-CV.CH.4A-C04,  38029.414800,  -68225.872400,  1584.000000
LTB-CV.CH.4A-C03,  38102.141000,  -68288.537400,  1584.000000
LTB-CV.CH.4A-C02,  38112.585200,  -68276.416300,  1584.000000
LTB-CV.CH.4A,  38071.000000,  -68251.144400,  1584.000000
LTB-B3-C01,  38378.098300,  -67659.027100,  1604.000000
LTB-B3-C04,  38257.197100,  -67843.426500,  1604.000000
LTB-B3-C03,  38467.037900,  -67981.008400,  1604.000000
LTB-B3-C02,  38587.939200,  -67796.609000,  1604.000000
LTB-B3,  38422.568100,  -67820.017700,  1604.000000
LTB-QD.3A-C01,  38676.284800,  -67091.666900,  1605.000000
LTB-QD.3A-C04,  38652.389800,  -67141.205100,  1605.000000
LTB-QD.3A-C03,  38837.932800,  -67230.702600,  1605.000000
LTB-QD.3A-C02,  38861.827800,  -67181.164400,  1605.000000
LTB-QD.3A,  38757.108800,  -67161.184800,  1605.000000
LTB-QF.3A-C01,  38809.227600,  -66816.054500,  1605.000000
LTB-QF.3A-C04,  38785.332600,  -66865.592700,  1605.000000
LTB-QF.3A,  38890.051600,  -66885.572300,  1605.000000
LTB-QF.3A-C02,  38994.770600,  -66905.552000,  1605.000000
LTB-QF.3A-C03,  38970.875600,  -66955.090200,  1605.000000
LTB-B2-C03,  40042.244400,  -64781.594700,  1604.000000
LTB-B2-C04,  39803.944100,  -64703.013800,  1604.000000
LTB-B2-C01,  39872.997700,  -64493.605500,  1604.000000
LTB-B2,  39957.621100,  -64637.600100,  1604.000000
LTB-B2-C02,  40111.298000,  -64572.186400,  1604.000000
LTB-CV.CH.2B-C04,  40035.625900,  -64050.278900,  1584.000000
LTB-CV.CH.2B-C01,  40038.610300,  -64034.559700,  1584.000000
LTB-CV.CH.2B-C03,  40129.941200,  -64068.185200,  1584.000000
LTB-CV.CH.2B-C02,  40132.925500,  -64052.466000,  1584.000000
LTB-CV.CH.2B,  40084.275700,  -64051.372500,  1584.000000
LTB-QD.2B-C04,  40071.169300,  -63568.198300,  1605.000000
LTB-QD.2B-C01,  40081.428100,  -63514.163500,  1605.000000
LTB-QD.2B,  40177.491100,  -63560.392900,  1605.000000
LTB-QD.2B-C03,  40273.554100,  -63606.622300,  1605.000000
LTB-QD.2B-C02,  40283.812900,  -63552.587500,  1605.000000
LTB-QF.2B-C02,  40352.826800,  -63189.080800,  1605.000000
LTB-QF.2B,  40246.505000,  -63196.886300,  1605.000000
LTB-QF.2B-C01,  40150.442000,  -63150.656900,  1605.000000
LTB-QF.2B-C04,  40140.183200,  -63204.691700,  1605.000000
LTB-QF.2B-C03,  40342.568000,  -63243.115600,  1605.000000
LTB-CV.CH.2A-C03,  41311.361600,  -57845.464500,  1584.000000
LTB-CV.CH.2A-C04,  41217.046400,  -57827.558200,  1584.000000
LTB-CV.CH.2A-C01,  41220.030800,  -57811.839000,  1584.000000
LTB-CV.CH.2A-C02,  41314.346000,  -57829.745300,  1584.000000
LTB-CV.CH.2A,  41265.696200,  -57828.651700,  1584.000000
LTB-QF.2A,  41358.911600,  -57337.672100,  1605.000000
LTB-QF.2A-C02,  41465.233400,  -57329.866700,  1605.000000
LTB-QF.2A-C03,  41454.974500,  -57383.901500,  1605.000000
LTB-QF.2A-C04,  41252.589800,  -57345.477500,  1605.000000
LTB-QF.2A-C01,  41262.848600,  -57291.442800,  1605.000000
LTB-QD.2A,  41427.925500,  -56974.165500,  1605.000000
LTB-QD.2A-C02,  41534.247300,  -56966.360100,  1605.000000
LTB-QD.2A-C03,  41523.988400,  -57020.394800,  1605.000000
LTB-QD.2A-C04,  41321.603700,  -56981.970900,  1605.000000
LTB-QD.2A-C01,  41331.862500,  -56927.936100,  1605.000000
LTB-B1-C03,  41732.479400,  -56040.977900,  1604.000000
LTB-B1-C04,  41494.178700,  -55962.398200,  1604.000000
LTB-B1-C01,  41563.231300,  -55752.989500,  1604.000000
LTB-B1-C02,  41801.532000,  -55831.569300,  1604.000000
LTB-B1,  41647.855400,  -55896.983700,  1604.000000
LTB-CV.CH.1B,  41931.184700,  -55274.709200,  1584.000000
LTB-CV.CH.1B-C04,  41884.475700,  -55261.061400,  1584.000000
LTB-CV.CH.1B-C01,  41891.426800,  -55246.650300,  1584.000000
LTB-CV.CH.1B-C02,  41977.893800,  -55288.357000,  1584.000000
LTB-QF.1A,  42649.798800,  -53784.868100,  1605.000000
LTB-QF.1A-C01,  42568.974100,  -53715.351000,  1605.000000
LTB-QF.1A-C04,  42545.079600,  -53764.889400,  1605.000000
LTB-QF.1A-C03,  42730.623500,  -53854.385200,  1605.000000
LTB-QF.1A-C02,  42754.518000,  -53804.846700,  1605.000000
LTB-QD.1A-C04,  42789.063100,  -53259.059400,  1605.000000
LTB-QD.1A-C01,  42812.957600,  -53209.521000,  1605.000000
LTB-QD.1A,  42893.782200,  -53279.038000,  1605.000000
LTB-QD.1A-C03,  42974.606900,  -53348.555100,  1605.000000
LTB-QD.1A-C02,  42998.501400,  -53299.016700,  1605.000000
